198 3
1.0764735532257061 1.1703990411755993 0.9701990341426742
1.2011383002619405 1.1943797329814365 0.9392962803723414
1.09540730907421 1.1803053506071006 0.9156730408894014
1.1167269494301895 1.1777599138629862 0.9059200001875057
1.1178461499633294 1.1867155958979752 0.8900206731678599
1.0705252154856029 1.1637438668459805 0.8912692117951221
0.9922057708369363 1.1514138149403073 0.8588799338592292
1.0022665210662869 1.1549059982773744 0.8549409622784025
0.9490088466784155 1.165251138298584 0.8845586818533998
0.9104849300046205 1.1668744500746633 0.8871190663177972
1.0031752224609536 1.2504385233570605 0.8996085265632112
0.9524218167201167 1.1636316383261693 0.9010093671579575
0.9252655300629823 1.1880381007528613 0.9014579467625262
0.9662547870988468 1.2336276209456465 0.9151379694812758
0.9759051417056454 1.2207322225995803 0.9392936599595448
0.9157691185822343 1.1907030959614475 0.966304535883927
0.879791034190848 1.1581091685093947 0.9787888529475225
0.9120070674298297 1.1884335003204147 0.9821446276689713
0.9083033092110049 1.1727790126345916 1.0140287771266376
0.8975703822026444 1.1652132585232338 1.0097550538576867
0.8757485549867742 1.1519050547484315 0.9598214471360274
0.999841651925192 1.255805344873441 0.8936710411693786
0.9045851086233925 1.1698902796656756 0.9706372745057417
0.8570018016361646 1.1477587866434253 0.9588454904121579
0.8618554729320493 1.1512763806369224 0.9954605467449618
0.8668421344907674 1.1646379438621715 0.9322148603039315
0.852260142012553 1.147538522831594 0.9548657828348859
0.872768701393388 1.1576559263380843 0.936849663736091
0.8739905164828585 1.1472437112823308 0.9395923503266671
0.8592228129092033 1.1415884440234128 0.9359908630081685
0.9356273570219394 1.1815777207018048 0.9356664586311255
0.8445271187679549 1.121899791744768 0.9197943436704128
1.0033538904877337 1.241315715001077 0.9404823932212562
0.880386630934444 1.1683254825285276 0.9360289573746567
0.8484980317889965 1.132583101771006 0.9448502684962636
0.9001495482340727 1.2163449725219735 0.9244695107246645
0.8762665334373873 1.1502628607925065 0.9724159965590617
0.8813361724159102 1.1490953999095819 0.9773875805659742
0.9104797332820317 1.1710339160371257 0.9805568563589507
0.9195906372320208 1.1606851175257857 0.9808800373507235
0.8642886315636306 1.1376908599604325 0.9705071601600486
0.886089344054036 1.1499611998285524 0.9771202975606657
0.870589766372597 1.1508642998216638 0.939345209840636
0.9119579731252943 1.1512534701810953 0.8764453510408462
0.8754226121714374 1.1379128750354068 0.9714646347601723
0.8826003977388426 1.1450889894638778 0.9186090491888108
0.8578777068854129 1.1367382314843053 0.9194804622918564
0.8600912534529799 1.1491741844870573 0.8910542153925397
0.8655250357813262 1.140413867483282 0.9326982916099491
0.8920632245387605 1.153540866017084 0.9629034044332729
0.8595009914870055 1.1442144509185859 0.9288450434048471
0.8813444722403985 1.1526238260951602 0.9654768114651757
0.8706817126577436 1.1296342537514485 0.9629419253157537
0.8502501222462155 1.1309888094748015 0.9179782737204504
0.9650548979524234 1.1609972515586464 0.9209644754983256
1.0704916011593488 1.166935317075072 0.9804199308124134
1.0265843838094026 1.1370729493743925 0.9113742513163482
1.0371616635099108 1.0992434783022194 0.8922087667489286
1.024966896561092 1.1222030477572982 0.9088276962232898
1.025419035852352 1.1105163487950485 0.8842180123916465
1.037757568738283 1.1265685124436753 0.8911243003597904
1.0464633606690634 1.1262788530576633 0.8803907653589008
1.081375897095347 1.1460360644989758 0.9051103233901965
1.0685903793223734 1.1443796930033145 0.9141496846148126
1.0676227414629607 1.1381421377429053 0.8956192629379798
0.8899052781934874 1.164004673956034 0.8917693110003417
1.0300835675418152 1.1200254675396226 0.8895680994079013
1.0166871691596493 1.137724324122452 0.886491932239621
1.0450385653303635 1.1584967941817979 0.9114404070024461
1.0585204502050845 1.1584256017419192 0.9037179904536988
1.0523194526860067 1.1579962900869203 0.9111301338533436
1.045598032672579 1.1591630491141232 0.9174512857876191
1.0547064849996317 1.1629390400510464 0.914050266672423
1.043545130822669 1.1513637841479956 0.889984265750126
1.0491688075886343 1.1678123133828258 0.9046531969367388
1.045231095244626 1.14839428724543 0.893475252629168
0.8837522782962738 1.1784610979645265 0.8788423971675109
1.0367735284920698 1.1570075114569183 0.8840010730578862
1.0454142964438582 1.157679830088721 0.8831160562597373
1.0398755758532288 1.1643015724525052 0.8693432701734107
1.0699418948998698 1.1835627728079452 0.8633802953524933
1.056982288256569 1.1589460335396689 0.8935640393610702
1.0219745726917469 1.1451206010222394 0.8869189020687146
1.0684540702727188 1.1668045994069998 0.8859509456850267
1.0684745138089577 1.1665782406706788 0.9011446680689303
1.0501698234220804 1.1689183656331206 0.9104324312108846
1.0862835360668948 1.1771427454844916 0.9102269053766483
0.903706969104911 1.2024864837453955 0.868539899789542
1.0772766323775314 1.138815276492472 0.9495886635639104
1.0503877253990428 1.0855019180783754 0.9838310074020342
1.0640841909030037 1.113617513120021 0.9469393339835607
1.0742742359660522 1.1610245198122227 0.9197760766624483
1.036116115213233 1.158027647616624 0.8760746636714752
1.0247855111705406 1.1510660263019297 0.8827910697459804
0.972892772291328 1.105677318022251 0.8999899012409478
1.0310797012191268 1.1298904176567732 0.880564087727928
1.0138848648222891 1.1417183397019055 0.9090476132104895
1.009779023926822 1.1553718884630833 0.9209467821735003
0.8443971007830998 1.1412425221605198 0.8915879782707105
1.033185482532158 1.107985316130919 0.9000519195739975
0.9667844167538233 1.1064428117644354 0.9038843409911749
0.9851919128025295 1.1132559534914526 0.9091147743048206
0.9979326760365198 1.0998283552849277 0.8892350839122338
1.0436898928590075 1.0665746675171963 0.9835456157965163
0.993737835008439 1.0947077751877186 0.959802557429958
0.9788068765255518 1.1338210515479106 0.9113398944814667
0.9354143452467821 1.1061419730910884 0.8989938971227833
0.9828675384315574 1.12820787263058 0.9115066608685718
1.0099195464721857 1.2038172223418897 0.9313121928673944
0.8621885951430552 1.1674276479188956 0.9047975752494308
0.8405854906377376 1.1270573486743487 0.8676457499766439
0.834718377507193 1.12395207425408 0.8858423863641841
0.8704723324949469 1.0990403995058553 0.903701324714522
0.9056620054824713 1.2531462022377475 0.8827889229768572
0.8323323064696291 1.127421191006367 0.8542386835775903
0.7965752700980122 1.1612517687484087 0.9449519272943557
0.8473802724153743 1.0776716736801966 0.9525963310373813
0.9419291528582275 1.2179082154654637 0.9871618852468332
0.9147759226395088 1.1869517274476777 0.9620834286689963
0.8834342148146344 1.156572278067007 0.9441234916134121
1.0958770230688826 1.248708602758875 0.9126315593004121
0.8677135283815096 1.1365957411994108 0.9351969672683673
0.8489763799366272 1.1464428263532962 0.9627466954935158
0.9001761774435679 1.1465973696410876 0.9378876098603316
0.8851866468660012 1.1314243970932505 0.9535305134882489
0.8569206124974492 1.0978687932421671 0.8992566962642475
0.8102104667454536 1.1193875306221044 0.9165151633344241
0.8181108856264061 1.0961501612651818 0.881306309962568
0.8365540530326946 1.1724857667832091 0.902891344773496
0.8051176530386821 1.1000558973217485 0.8899112290034167
0.7661759268100409 1.0634904690021978 0.8545962259812623
1.0499907831924553 1.1409200246959963 0.8979075862873567
0.7668000259573471 1.0715292519267663 0.8761833010354878
0.7928874547147557 1.0843258866612213 0.8983153750392587
0.7943344484219943 1.0638777953868965 0.8763404459382571
0.8348994561037096 1.1381370772569686 0.8840662093987743
0.9512457379773706 1.2546716149947508 0.8831900056236469
0.8941000060694329 1.2510462298549283 0.9049244198183585
0.8134872696889812 1.140899586233593 0.8818972932491483
0.9153764846007859 1.2057859820810022 0.9218635964396805
0.7626295279066648 1.0800331824991165 0.839862675606803
0.7701491052008494 1.0721553350219368 0.881612764888824
1.1434268655544226 1.1327406914827167 0.9004050359063371
0.8346947414117576 1.1158490091501103 0.866936329403137
0.7547515758654014 1.0614829108091683 0.8073005863972895
0.8457336091291362 1.0551442432088474 0.8070321405727929
0.8553958881743928 1.1155531474672968 0.8146781705882342
0.825329771757162 1.1277451491626271 0.7876039770841923
0.7616397400491757 1.046617598368089 0.8403011697998719
0.8668260684065191 1.1367137606984938 0.8697475305749611
0.7397038865330768 1.0708274830675517 0.9154305498097804
0.8589811272883511 1.1643469641659339 0.9748868440766023
0.9154052876763069 1.1607091731914934 0.9564150966305592
1.1660765285078136 1.2245870186907486 0.9038546136654764
0.928672977900675 1.1862166882090022 0.8649382970193102
0.8736334955535267 1.140956108461741 0.8352626868860539
0.8441585785548006 1.1278471184253318 0.8097620472975583
0.822397908355617 1.1200756418569917 0.8702644415444307
0.8084553519333193 1.0934819143895205 0.7923093156214034
0.8111874072177824 1.1350936241716236 0.7944770450599631
0.8068174118269857 1.0863351399207206 0.7702667383952871
0.8222927076843688 1.1213047668988114 0.810270407768097
0.7929393305079927 1.0655812818138624 0.7302630985627167
0.794508255828577 1.099303953054895 0.7538922771433177
1.1285006163632854 1.2505821818445124 0.8988170701153146
0.7954487353991195 1.0610421046437997 0.7475770113815283
0.8001376311175386 1.0343412049870118 0.7307397648524504
0.7961344166551392 1.0127038758669171 0.7802438858573758
0.7681736101520344 0.9907363068931583 0.7570731704277399
0.8235694908135116 1.0162114181313386 0.8590697304366643
0.8407390577058013 1.0668206485048226 0.7687293203918205
0.7911501233876749 1.0260063775104664 0.8836364250900697
0.7939191259333646 1.0302681017792257 0.7708095804292207
0.7805519049764905 1.0196725424182795 0.7374925543558286
0.7898951763856012 1.0485855446581234 0.81946831807854
1.1155085286028745 1.32005897377016 0.8927535787649112
0.8019200598005639 1.0466555323794062 0.8542823189199807
0.8468643634310506 1.0983859083062872 0.8485837320193788
0.8509625080505033 1.0884975194065196 0.8423086696691121
0.8265341408301647 1.064584116821817 0.8427173442868452
0.8097713264217621 1.0471700342694363 0.7351887816418783
0.823067432263261 1.0635823746798583 0.7883398285923741
0.7762506284570256 1.0570694756407428 0.8122156562440944
0.8328180779619058 1.1105011471607211 0.8474742324427078
0.8257198979322037 1.106636604523757 0.8497563416964364
0.9011974106201552 1.130404973061655 0.8574205973732167
1.0745850864953281 1.2972153228144698 0.8964243557221783
0.8141540504145133 1.0893945184488192 0.8981299253411131
0.8145837050979435 0.9942578774400407 0.8023864537752541
0.8155868550878786 1.0214332561681332 0.8146597748322663
0.8317332593057291 1.126229204909624 0.8919622377593657
0.777973155700031 1.002571671058561 0.7716721089295041
0.7865744524183449 1.0685124979767247 0.8355585044030025
0.8100139889052219 1.0503615288916874 0.8239579011043315
0.7673559791496112 1.0239182538932434 0.7797144320824698
0.8445527192009235 1.0127984507308823 0.8571367888758633
0.7745276729483288 1.0193840859125616 0.8266986436581147
1.0249037792362428 1.2614140196449177 0.8915303701361045
