200 3
0.5877388379265599 0.9545042211870078 0.8181847277155196
0.599486631995436 0.861983409871172 0.8427623195241741
0.6112645572105495 0.9025765092972527 0.844606172523223
0.6390920548458697 0.924879285321328 0.8999526833231289
0.6068845910946344 0.9038349889218062 0.8450938630924711
0.6358562998609615 0.9247403010736611 0.9089333327439537
0.6184842460586757 0.8934424073102661 0.9258411692463886
0.619836471579652 0.8821306288890055 0.907911652043208
0.6308801494868085 0.8879035554576464 0.9227385951392619
0.6198553581309696 0.8691332092760564 0.8872723458173161
0.612667097816798 0.8655588648529716 0.8911837332164028
0.6039852642369213 0.8988277029022438 0.8641743264043927
0.6459214840180534 0.9103209967407525 0.9383495409539925
0.6334122188223222 0.893564532297896 0.9434766009293744
0.6297077125628298 0.8864210732542871 0.9301460621380615
0.6546641081099215 0.910949313166297 0.949376428701237
0.6470444186756661 0.904909614436733 0.9659271125158231
0.6537135763912897 0.9117982090636707 0.9543540835604414
0.6306187569222234 0.8939036827222532 0.9476241056304664
0.6374178264118918 0.8968642887205824 0.9753080383096008
0.654782915575539 0.928684851898338 1.004868098536067
0.6491228154007326 0.9235830228816562 0.9706705085068827
0.61033786990014 0.9811897177900765 0.8491171796581326
0.655949838892518 0.9295778793483324 0.9963306784788208
0.6309794776109303 0.9094042955514521 0.9693059917797295
0.6324848271169834 0.9074011958869996 0.9443933379455342
0.6211324544057364 0.8926020129561427 0.964290495998478
0.6113230828241855 0.8796421254834759 0.9489941486532183
0.5997964101556896 0.8582982405812599 0.9316876497004803
0.6103148821879902 0.8921862819667442 0.9395353155778422
0.595617098986086 0.8641013892147036 0.9165723091498061
0.6038542248717438 0.8912103499326879 0.9284469399550365
0.6188248565760657 0.9052283535805358 0.9466028298413788
0.6226100936169865 0.9363914477699006 0.8647825417015516
0.5975981703823151 0.8719927807502601 0.9021823480472243
0.5981323893497633 0.8822770741043174 0.9242850542554455
0.5942543230237187 0.847202404692141 0.9287916305238123
0.6025394479083117 0.893866776492598 0.9058264579880178
0.5961792976565445 0.8322229858544866 0.9067687614207988
0.5946291038368223 0.8695597786392073 0.8897903218977464
0.5885504495435012 0.8236241662660773 0.8888680612881387
0.5893029142804552 0.8546121294364646 0.9022889375898481
0.5989121306917997 0.8790014951396153 0.8906826070288645
0.5800962499698562 0.8046079719393642 0.8700442538815045
0.6257676798157181 1.0036899333033402 0.8763180841907361
0.584325336862335 0.860229939760498 0.8788495892562362
0.5763157477083735 0.8240695195155627 0.8730141268862993
0.5784818682566456 0.813327769330384 0.8636547158304946
0.5708545099517709 0.7892631431067442 0.8630076898728829
0.5890592508396304 0.8508555805223369 0.8792892903789551
0.5793824456442409 0.7979161766116574 0.8799085777045659
0.578772377311453 0.7802499474980537 0.8939690354878368
0.5931473098360501 0.8054628176733762 0.9012626576276509
0.5872412442085624 0.787336247565955 0.916057672923201
0.604401397062387 0.7842710666852554 0.9573041051932766
0.6003002188097653 0.9473196317811329 0.8802118655582168
0.611116997455604 0.8945492681608844 0.8962113291346324
0.5704143477607985 0.8474114727376398 0.8916205357626806
0.5710950770834287 0.8353852851105317 0.8486118162264772
0.575180402445597 0.8648339740346631 0.8286776307294601
0.574097724734004 0.8877791446071609 0.8410072767132516
0.5687109522762331 0.8631240712759223 0.8343813903599585
0.5743456216841681 0.8938705694099416 0.8219133554523519
0.5841684001135082 0.9022928375643972 0.8191667661946339
0.5779758062944809 0.8973138239885633 0.8037856013440913
0.5627068079266494 0.8521640799820296 0.7973008081153161
0.67515979207752 1.2122504680774269 0.8941087259599684
0.6088194746197247 1.0220344507409602 0.8491696295770153
0.5853488169184909 0.9001237358938261 0.809623635610667
0.6488012448297286 1.059960633712264 0.8404685387621036
0.6427721572368684 1.026325595009446 0.8487886072712051
0.5896930385804086 0.8995887528303473 0.8018353202882356
0.5822874321126085 0.8368042028433178 0.7989781045348325
0.5669530727443799 0.8428317626447573 0.8163147659494673
0.5957804808025949 0.9105698236940203 0.829028786743466
0.6544781751384975 1.0213438234733834 0.8568300726889047
0.6146196555178856 0.9028345898609282 0.8453936650107542
0.6572979856146767 1.0903993548315387 0.8800376748767944
0.6762372053933131 1.0478771773913773 0.8736881245096438
0.6721383123816179 0.9722648800201976 0.8821858029612197
0.6561997581214879 0.9625268731190084 0.9058854638030888
0.5978422510587654 0.8837001974327423 0.9004350927756177
0.5731832370840565 0.8723732943602568 0.9017761411170019
0.6087862026032167 0.8585221038611902 0.9059042527097486
0.5985404522154428 0.8714516175099242 0.9142892827223873
0.6103264608009067 0.8712750848440987 0.9141154231868316
0.614984648230868 0.9176163915653927 0.8804264788506744
0.6015806593029929 0.8863896057498462 0.9071632877028134
0.7066547364072893 1.4748481650144283 0.9348130663777101
0.5915942822740785 0.8916220160432393 0.9041998722487595
0.614746373953937 0.9091275682394001 0.9107965907498524
0.6099861567285417 0.8955361955469238 0.905832299384065
0.5777785786531765 0.8806644694679593 0.908673979037221
0.60301766909034 0.9108929152153789 0.900723443208675
0.5890569606085978 0.892099997092302 0.8887211771932685
0.5843117710887119 0.8853749969323265 0.8846108711913968
0.6503446836450574 0.9624766674336815 0.8875651667301999
0.6113750675630126 0.9183748067053566 0.8865946890520554
0.6420975613306046 0.9534245803857355 0.869255394998
0.6855227550910978 1.43907558620812 0.9159289636854369
0.6333907984527247 0.9376776345340148 0.8639972405641577
0.5920200208473354 0.8795685988256298 0.8699253897066219
0.637175759079377 0.9141257208434312 0.8694738705114173
0.5998369676230475 0.8936283945916651 0.8664395411603429
0.6352345774970127 0.9099503706060832 0.8517776505029188
0.6233139566317671 0.8968567994888526 0.896987318528531
0.6032648995606373 0.8940530976247199 0.8801250315679284
0.6226320137217443 0.8958615032285757 0.866422016394069
0.6514661754795008 0.8853441924259681 0.9199727101186562
0.6632630062144161 0.9277886966532435 0.9507307072787838
0.5917800733722959 0.9886057793045072 0.8815168546252251
0.6422872282832092 1.2016962508601787 0.8906360148670837
0.6559213362191336 1.2051637007396023 0.9096238470437239
0.6136303630214235 0.9816661515086322 0.891152786060738
0.6374867090847587 1.108781596020338 0.8996342592815553
0.6808097849988897 1.380070534767981 0.9158848917011175
0.6028110977884632 1.0554296123771085 0.910607247477132
0.5203393869214089 0.818686731998503 0.8371212424613047
0.5419553763680595 0.7607163179076432 0.9186222343019083
0.5416821996705037 0.7453439082846129 0.9000078606910816
0.5254969928068707 0.7995407894298288 0.8214088267588574
0.5053245738640885 0.8232052542066624 0.8149845944088152
0.7076913231530889 1.4588149994306152 0.9836644403196911
0.5026376495362425 0.8106518346141927 0.8069293598065977
0.5047375383858133 0.7794175670577871 0.8097520796274086
0.5171474562357377 0.8229094162070654 0.8430937647058094
0.49465993843245165 0.7562857901787894 0.8373804241857652
0.5115150771665652 0.7701624629907414 0.8747981952054781
0.5438858820431463 0.7739731893504141 0.8884536328878707
0.5519985819209385 0.7689032926868445 0.8856614373904126
0.5179574295976731 0.7450948478869628 0.8789803789089615
0.6185972087873268 0.8400162678834394 0.9255594304268098
0.6731494843310347 0.8938322136255207 0.9098271005372269
0.6326500364632521 1.106446094045648 0.9032749367662822
0.5176714342589476 0.7458738950911101 0.8740375310971653
0.6481085135067806 0.8938982606515011 0.9324121466557462
0.638075656291335 0.9060947337699878 0.7164022861211043
0.6345022277250396 0.8657109782711381 0.9326688278508036
0.5805246890642798 0.8101881727986782 0.8831940061490882
0.5929668042826848 0.8208374886943737 0.8986750060520371
0.5219183326123393 0.8149228314822199 0.874920269633225
0.5861467506843208 0.8606412367148704 0.8903828106966187
0.6485667757566447 0.8994121843303149 0.9193143133778897
0.5081747456177138 0.8262864899769252 0.9302721226497853
0.6209631438328519 1.0374360207947382 0.9074805531877573
0.54911490168575 0.9065220742791851 0.8181654702988254
0.6079020374766274 0.9153782426027972 0.8804795453823797
0.6231721428898138 0.9292651050134837 0.8768652756206905
0.5722429998677332 0.9068770911693952 0.8032818792894966
0.6087917586767398 0.9195800003443361 0.8389658047640471
0.6548979418552343 0.9666745244999251 0.9286797488648093
0.5795983874341111 0.9046673030834114 0.8074755242508395
0.6037525067227558 0.8972510380896789 0.8390706561675729
0.6432543164141339 0.9307998868433215 0.8950390170626301
0.5376482284370827 0.8282550039437236 0.7630142114812338
0.6477259186897639 1.1745073440297538 0.9057743603757366
0.634239994598143 0.8595648099778587 0.9168469967322002
0.6147767844268797 0.8997601801824315 0.8910626187480747
0.6102663730473764 0.9123097417107521 0.8898525478952909
0.5401798631478308 0.8631445022089792 0.7614857280442459
0.6137490994518565 0.9234916891967621 0.8407300849890763
0.6370468186658831 0.9138520435146109 0.9392867528089649
0.6499723231848584 0.957159592611721 0.9516443585829252
0.619041205607505 0.9234967630422826 0.9090581221284594
0.6431672979578978 0.9185096228050476 0.9629490157809467
0.6797673367477782 0.9640457385746785 0.9658561944917197
0.7211625725168804 1.6118480759807206 0.9447525150888116
0.6508399453028098 0.8932447923028681 0.9658745175640111
0.5807886371943787 0.8821155444816393 0.9692557919874963
0.6789769389246635 0.9474827490405637 0.998386115381481
0.6817243250506575 0.9379086256892282 0.9476438603703876
0.6672356756108373 0.9127970449543334 0.9542916662758539
0.6515042749652387 0.8918070228830665 0.9634404048012208
0.6661347389822041 0.9052860626980498 0.949998853729359
0.6665160413290685 0.8782146107258475 0.9750114580319981
0.6300420525136374 0.8823938411244484 0.9176245705077756
0.6447589738036119 0.8928121098710043 1.0092107124241527
0.6302763761831098 1.092230522905745 0.8910327638563696
0.6667698687850916 0.9181402884545607 1.0220262736624828
0.6908204486391479 0.9471852531473557 0.9818577953032755
0.710198039017442 0.9544325460736681 1.0249900183119387
0.6815600838473435 0.9293441120696014 0.9695424376341981
0.6632903296614342 0.8958729868143382 0.966528211180126
0.6753787763867405 0.9343346517926405 0.9880871630617116
0.6781104320759446 0.9350549211301251 0.9736695121085385
0.6769008727118709 0.9396072800334501 0.956167365014308
0.7106846683603795 0.9857463363409574 0.9674472596235466
0.6850934202729059 0.9550882381285863 0.9394606139064398
0.6188486805477712 0.885287757509456 0.8830436633747523
0.6615465974349174 0.9248280543764622 0.9553934664703756
0.5853647977582731 0.8854036334593596 0.9551600422564455
0.5749713902926425 0.9429830917406375 0.9308896115636638
0.6236124203369036 0.9230912176014233 0.9914609140092293
0.569948958930782 0.9235785122811562 0.9190370974791667
0.6335712092628009 0.9558079342484569 0.9294861501867185
0.627645288974325 0.9429625106981366 0.9117748063137028
0.5694445901409227 0.9460786134840118 0.8230780726573151
0.6361630331590172 0.9626547751573901 0.9759985157847667
0.5651373065875829 0.9386595688879973 0.9424433992046896
0.6161066349871758 0.9080273320581204 0.876614346089154
