A 1.2232216563976832 1.2465077101449147 0.7401890230946488
A 1.1175250406334913 1.242325820841645 0.7191996893586398
A 1.144026503871146 1.2256008441741604 0.6946814123730183
A 1.1311519805059476 1.2334390556475117 0.7500425649250727
A 1.124398902044236 1.232787903170546 0.7246216419857673
A 1.1970514956815497 1.2529143265771143 0.7446057122428268
A 1.1705264065514667 1.2745772134410938 0.7267118427804669
A 1.1343721720735525 1.2486343267026514 0.7335341770240339
A 1.1237814949658127 1.267303593159086 0.7248950580656471
A 1.1275001712718504 1.2662261073450698 0.7046000601923272
A 1.1124275750167332 1.2579229210507088 0.7124767884488868
A 1.1899854133275902 1.2693988404044036 0.7323797287435196
A 1.1121597677704913 1.2869817807419368 0.7448755215267622
A 1.171299430779621 1.3037316046253211 0.7798748672673125
A 1.139843800877943 1.3034777384860337 0.7733884076783882
A 1.1349720833111256 1.3394387054568437 0.7799484029167418
A 1.1202467867385064 1.2983324052582954 0.7581602372834075
A 1.1655983257197893 1.3089216651393443 0.7692145344003358
A 1.1384464657489788 1.3198629328248148 0.8108299870658098
A 1.1402730805205523 1.2615935646001053 0.7427046506563197
A 1.13605046210123 1.245408621365051 0.6961360202439805
A 1.2004737738118791 1.29807816937846 0.728948666021578
A 1.2356399347014346 1.264020881719588 0.7135826108075889
A 1.2623911030956527 1.3139660719981676 0.7615916907892755
A 1.1859026324670077 1.2785702501854372 0.7467514661385758
A 1.162522016164934 1.297619173492427 0.7109024401081283
A 1.209295630086218 1.267408390286564 0.6854562807294314
A 1.18583596696755 1.3054964670353646 0.7106874980066847
A 1.1799483861470081 1.266513518238973 0.7019163504380665
A 1.1378273561407406 1.2187927616944105 0.6807699826439613
A 1.1811351716863834 1.2490349884452647 0.6993753568745733
A 1.1881981922785523 1.2712968097231803 0.7115852368108461
A 1.1632960534491417 1.2593865639504067 0.7445885952404877
A 1.2068789236977815 1.260300095941339 0.8102718696174379
A 1.2657256477378056 1.3264851991086777 0.8004965990852838
A 1.2215084178064086 1.306365833743708 0.795771105263853
A 1.1239856853508785 1.246450973081269 0.7290010372015405
A 1.2290607695703806 1.290363709244327 0.7426819126175566
A 1.1889170555750508 1.2763284050172423 0.7443510283277132
A 1.1237738965405024 1.2489896272300212 0.7195542718521671
A 1.1041613222686233 1.260373706723746 0.7396374544525932
A 1.1715583654231576 1.2451335484895771 0.700854678556374
A 1.20934897077123 1.309215555398738 0.7490936205633474
A 1.2484089265066585 1.3265812419185996 0.7573072645254295
A 1.2091869137512958 1.26273701068311 0.8219987940664969
A 1.147199263356533 1.2231652142754237 0.7277432952833994
A 1.1670088745044516 1.2127143388258859 0.7021670187737006
A 1.1606283363352077 1.2469918797264061 0.7546833446586341
A 1.1509608011600192 1.2306557481170588 0.7104630840323722
A 1.155383181401736 1.2540493023243164 0.7336446635300613
AO 1.0939602612523618 1.5432821451734007 0.6783711405164645
AO 1.046865192607371 1.5076083950281025 0.7112894796124897
AO 1.0142050119339667 1.467667744757115 0.7231264463793444
AO 1.0408286365046013 1.5125553399975267 0.7394935148306999
AO 1.0383449578872825 1.5126941285983515 0.7422669923040949
AO 1.1248542202810683 1.5005192339074107 0.7869662605523478
AO 1.1599554790500577 1.466083718382944 0.7639868631013983
AO 1.0770566853458463 1.5282308125468278 0.7462380373555566
AO 1.1657884937468002 1.5419658276265338 0.7737560561574921
AO 1.0983367581036996 1.480984242920035 0.7013259958724947
AO 1.124342974012492 1.4997943893426926 0.7159511824724591
AO 1.20057164181214 1.572875095804795 0.7093992228337151
AO 1.1157667344908455 1.4762055686787388 0.7217040801943678
AO 1.0564185407935844 1.4481724342738422 0.7445781650951426
AO 1.03599756655099 1.4401019130747954 0.6944736496100388
AO 1.062535252034284 1.4677588629122338 0.6923954784077754
AO 1.0562642402241458 1.4911486232386628 0.6954853611619216
AO 1.0370993284462127 1.4771164394088736 0.7055949023552082
AO 1.0675596728668864 1.4759366361129587 0.7283903934602193
AO 1.1195133246698217 1.4581813106987302 0.7442491617458815
AO 1.0649068911681505 1.464744575054198 0.72367976880991
AO 1.1367671700081068 1.5189048115601411 0.7332260038997988
AO 1.0894776778376274 1.4870210488535478 0.6754950798858136
AO 1.099653581184761 1.497777244077907 0.7494104560020092
AO 1.0853293114489968 1.458248181701201 0.7254325282945074
AO 1.1550889832042006 1.5201541936978453 0.745051018120255
AO 1.0807679999692779 1.4905938600502262 0.7199668448957678
AO 1.126939323413195 1.4740730353473017 0.7019446291870531
AO 1.117139806066149 1.514843937426425 0.7140728426580989
AO 1.1944919849792577 1.5436283111638522 0.7553290545159583
AO 1.1452417413232978 1.4854817277268446 0.7286841570586544
AO 1.1951898447058518 1.5166463006549906 0.7231689200697919
AO 1.1850542136428048 1.5456049764050597 0.7176423481646423
AO 1.0431890941872248 1.4691975323608912 0.6620721361430602
AO 1.1600244944474372 1.5195169366892727 0.7260555491946993
AO 1.1710410381647263 1.5338573874923158 0.7202450713981796
AO 1.1591295620574977 1.5521943573341648 0.7395866427700175
AO 1.0761895147788232 1.5039280802300652 0.7468046054018255
AO 1.1372529458302378 1.517495976407511 0.7473112761238828
AO 1.0538058099358107 1.505377013441972 0.7392372465364604
AO 1.0451039538128712 1.4961884167574206 0.7513908649346039
AO 1.0343380420990922 1.4964945920992894 0.7630146529973186
AO 1.0091422729642878 1.480201428519903 0.7504316867303026
AO 1.023092880953234 1.4817047028579275 0.7428062758597302
AO 1.2030186102927922 1.5103636231072821 0.6866428055576302
AO 1.209894205771894 1.5245189237183951 0.7150495291042506
AO 1.1336994838728436 1.4937197510433897 0.7152114446949711
AO 1.064211419182167 1.4899819618448358 0.7269576590415482
AO 1.0715089749588147 1.5211936904424788 0.7541088842205511
AO 0.9854912223628547 1.494125543979343 0.7078444581134659
I 0.6642025427168171 2.0496861460163456 0.9665603253029073
I 0.6269955228082175 2.044045934401845 0.8918263563105615
I 0.6626749875615694 2.042208099361182 0.952997183437544
I 0.6393080205945291 2.094961862660546 0.9378327078511702
I 0.6620716136358077 2.1277429607351737 0.9755210928990973
I 0.6698481874553939 2.1334205473039556 0.9839594433988312
I 0.6709340105279822 2.1086316484923797 0.9876486439104547
I 0.6590043090728106 2.1235311448010994 0.9624027548801916
I 0.6525959486129925 2.0658909522780937 0.9321484309540399
I 0.652499781441986 2.016758201312986 0.9179409043948114
I 0.6570197644477083 2.0490251202612986 0.9284565213783994
I 0.6917988366629657 2.1605934435033327 1.003425407659913
I 0.6569580921512143 1.9575491551294484 0.9203080038469694
I 0.7084827318986971 2.167169047722817 0.989330085998057
I 0.65491890802616 2.0406772194633302 0.9251436509610866
I 0.6263347336461386 1.9819704569660581 0.8370439551683487
I 0.6324407413807459 1.9735758640757743 0.8480921063871841
I 0.635111232892365 2.0779799599414135 0.9322005853555015
I 0.6238643452599368 2.023876553225659 0.8805018838724756
I 0.6254653943569092 2.0201268019843774 0.8918315114994285
I 0.613862345435753 1.994993200830114 0.8541958597716537
I 0.6348354812863088 2.0478585609807616 0.9284874028147574
I 0.6316953489090363 2.0128159263186314 0.9294812541949121
I 0.64646963880612 2.0669401040145736 0.9235083170326888
I 0.6352531586133172 2.024525353603135 0.8997025418558788
I 0.6239786769255966 1.978273568906925 0.8787329991523879
I 0.6217686610045587 2.0159812362560867 0.8848015450199769
I 0.650235103191995 2.139982784878552 0.9448515817813222
I 0.6332558563538434 2.1007598348839247 0.9100637335054427
I 0.610789907208759 2.0540708696046637 0.865119079515323
I 0.6166654648206966 2.025409287484754 0.8550339705462511
I 0.615912795112951 2.0218575233166853 0.8365628217624229
I 0.6176842800538591 2.009525336951314 0.8676097708498787
I 0.6070748719717455 1.9907305086362008 0.8749709541032018
I 0.6226888951454199 1.9366774007623428 0.8502995595032258
I 0.6172745647502726 2.0585279791141797 0.8506918029430206
I 0.6162856945440035 2.0243087853071113 0.8418793200114305
I 0.6186207873881604 2.022622452371977 0.8591439613744912
I 0.6171073746109416 2.046330900172839 0.8652539117289845
I 0.6125792043112839 2.026315131033456 0.8215397055302165
I 0.6136127058601957 2.0087770386944652 0.8588014819979253
I 0.6169212027965604 2.034092164318356 0.8360669525191304
I 0.6095520736671023 2.0585686880112672 0.8619712258321431
I 0.6169671216334046 2.0522612256897337 0.8477594872352837
I 0.6518132893110964 1.9954237645829536 0.9392600179262187
I 0.6339093056431412 2.0615585617447567 0.9463625438374955
I 0.6801629831030751 2.136823430969248 0.9926208686726172
I 0.6697551632238359 2.1387843200638113 0.9378037568304609
I 0.6417058173780859 2.1286823059113305 0.9231229874679829
I 0.6570956525125666 2.2031980853341953 0.9928585775537776
O 0.6879345289807418 0.9817646202058742 0.8990470492655822
O 0.837733353756276 0.9767553018284435 0.8867644241759216
O 0.8268146466796498 1.0321617168653976 0.9306942881926078
O 0.7776197950468313 1.0397743807702253 0.9596020058674714
O 0.818142450888885 1.0322095616027924 0.9061524050262284
O 0.8355279780347192 1.0103206919146646 0.9093125467245727
O 0.8207478390890303 1.0444762574226671 0.9662062888910263
O 0.7297251400663126 0.9925326532648818 0.9490028980847548
O 0.7831615149347687 1.0210638939451764 0.9371628022297933
O 0.7978165912619394 1.0456248993572135 0.9601369987526608
O 0.7745006993706104 1.0286820139045894 0.9442545587408337
O 0.7102884100225522 0.9684950559417965 0.899322406968298
O 0.768430618090258 1.036326844368959 0.9857588563430748
O 0.7608093789294442 1.0054212858102878 0.9287115654686097
O 0.8250019919245363 1.0476200845805825 0.9048281596608861
O 0.770411261346533 1.0102923014547671 0.9318864039973628
O 0.7008988094703387 0.9712905499679912 0.9309767395244186
O 0.7455209344542455 1.0946813602252627 0.9456234222735427
O 0.7213350230163089 0.9774457904581185 0.9288266341442
O 0.7821070344216764 0.991450624605977 0.882519735972539
O 0.774379849643282 1.0100893843356704 0.912953166477927
O 0.8229418702262848 1.0067147074242602 0.9002885672424074
O 0.7050638188455268 0.9470870899401606 0.8571731941264051
O 0.7381300648709683 1.0517690099581858 0.9606754839347346
O 0.814033764195913 1.0768930675451163 0.9310810639845816
O 0.8180514659940893 1.0889742748890834 0.9295597659528902
O 0.7588210132028735 1.0057164671670755 0.8783306696714291
O 0.7217328621346599 0.9521741206837695 0.8458979058169036
O 0.7572546998687893 0.9923874616082892 0.9243766507957776
O 0.8137911084714807 1.0262147263698467 0.919433411373341
O 0.817151111599663 1.0061892745697305 0.9071116342385088
O 0.7934592132099985 0.9793788369820274 0.8713136503083424
O 0.8091173624655358 0.9773487483328182 0.8352943284065032
O 0.7291759524611514 0.9539542848329724 0.9138968719316508
O 0.7407639203772819 1.005579432178204 0.913767384792935
O 0.808702901342163 1.0149660758129317 0.9161647516382224
O 0.8141743564069485 1.0017556349169998 0.882690736019462
O 0.7123045463727858 0.9425775521846411 0.8832299500097606
O 0.7426488808285381 1.0625769550316502 0.8971615276895522
O 0.7320550458338883 0.9559534538682022 0.908424231985527
O 0.7366021711229517 0.9441437084125522 0.9022293804350823
O 0.7122685933511627 0.9588376598891656 0.8650489696833251
O 0.7357916872423035 0.9808945729419745 0.8947761989314752
O 0.7673089701159487 1.0455369114635413 0.9001187087465419
O 0.7091311493072121 0.9661455552552504 0.91908523048564
O 0.7310154876581243 0.9716860746497822 0.9340243079471033
O 0.7706471749967823 0.9790546670023221 0.9174976844209218
O 0.7313018300773403 0.9728917261517904 0.9110422988846351
O 0.8445357657033725 1.0324790464500782 0.9403881952038449
O 0.880787574088425 1.020302247620265 0.9256794934721726
