A 1.3543293660371 1.6344154952648942 0.9138497811718426
A 1.3305101768166312 1.4260717002993963 0.8940792298762229
A 1.265636138648517 1.375811939239191 0.8871562193780284
A 1.266122705566831 1.3605325076136239 0.8826282513104705
A 1.27735161362603 1.3416866260023799 0.875257836370496
A 1.1674155506452961 1.230398461217459 0.8817430358530399
A 1.1216311991579202 1.1996498032520115 0.8736998610257474
A 1.1167729466581957 1.2039306261464562 0.8712595543151863
A 1.3128252695904055 1.41360300905192 0.88273421169184
A 1.2691631884527745 1.4622751304455976 0.8964360822196539
A 1.2022816763075788 1.3655777765423922 0.8805743109895475
A 1.3324769145885833 1.5175106559583016 0.8733130454239301
A 1.262380078358829 1.4206985353361656 0.8872159233324286
A 1.3041640025483785 1.4411752698857236 0.8959240515905023
A 1.2277693947551924 1.3403084242488048 0.8847366368517078
A 1.1662122855043593 1.2869326229913367 0.8794766452637842
A 1.2172518168394681 1.3172806924642597 0.8719482068132546
A 1.2110414149161954 1.3423409229427987 0.8997137308824037
A 1.25239402747034 1.3243677025780307 0.8756381353654823
A 1.3055209820178795 1.3598724326971368 0.870124640717124
A 1.254404977023211 1.3656488821744335 0.8800984352763015
A 1.08841351128368 1.24854326649974 0.8557741495755866
A 1.2339008324422338 1.3507129335112513 0.8865950796563237
A 1.1660959448038537 1.2628060996435106 0.8698032872893429
A 1.1962708924960281 1.3527820099503236 0.8713504126686666
A 1.1470726218278846 1.3103848519926535 0.871271712507494
A 1.1485206522154887 1.313645944974638 0.8562435175369881
A 1.3081922964331474 1.4320194592469022 0.88074870416071
A 1.226062427713931 1.347903192043338 0.8685430211611734
A 1.3776894982548082 1.4632023798282954 0.8736533751654352
A 1.3657403591052026 1.5181682137108836 0.8795730957996557
A 1.2415046069882714 1.413756582868632 0.8895028558353173
A 1.2845100661523354 1.4119057522927843 0.8821318303948817
A 1.281712550996186 1.4052112911748735 0.8864582478181682
A 1.3726618011384064 1.498727722110623 0.866825280257036
A 1.402427496341993 1.5236963508421315 0.8786922256277898
A 1.310839848059623 1.4267497983199264 0.8845068307236801
A 1.3294917970895463 1.5096871111218038 0.8685177645402523
A 1.337414903335659 1.4586607472654776 0.8818957663243068
A 1.3270849991489115 1.4641399238808712 0.8731391049073116
A 1.3703161944520195 1.5370561761046027 0.8769854616042468
A 1.3294141073273802 1.5011722816016293 0.8966027262609617
A 1.2809126116158842 1.425367386971756 0.8887374893422479
A 1.3091731079881206 1.5940137135462749 0.9092223857653812
A 1.2380415089325958 1.3529571511981526 0.8823753044635456
A 1.2251331355582387 1.352909487764097 0.8787239864920044
A 1.1894838428862176 1.3032119603551755 0.8671297958927604
A 1.2301759929683602 1.3777583457006515 0.8859409232863371
A 1.197087614433246 1.3641786953997994 0.8867642388545666
A 1.3257192006045424 1.4592868552184972 0.8992760414907993
AO 1.1568724917557613 1.4263733997452528 0.8072471252829206
AO 1.136305827750997 1.459295773273828 0.7754392935517291
AO 1.1283160700211403 1.4600016392655797 0.7501327628455841
AO 1.122089997385675 1.4422638482512844 0.7795023225855228
AO 1.1345816533355007 1.4880174552467957 0.7556860668641513
AO 1.1648961799481874 1.511925813759822 0.754547024910814
AO 1.1389550631721583 1.4909808734921657 0.7488992764587011
AO 1.1466276054999407 1.486182624511476 0.7571215107970263
AO 1.1333270790130165 1.4913841071511362 0.7416172063584078
AO 1.1101347930938916 1.4505778741684172 0.7531561225292074
AO 1.1166851308897405 1.5022502587902156 0.7519945697182023
AO 1.1495058417294022 1.4426713070326596 0.7931964317484046
AO 1.1424204039272503 1.408248769965434 0.7613928889147972
AO 1.1373325694501417 1.4127891118919182 0.7638908837639223
AO 1.1250574919378433 1.4575735104150447 0.7485170224138057
AO 1.1866111056791757 1.4525169534651219 0.7729871645003944
AO 1.128057977293911 1.5076827955582666 0.7684320514369422
AO 1.1510959812301356 1.4739668157142871 0.7473233934495225
AO 1.103986785158464 1.368676850003793 0.7558433977676561
AO 1.0890788418447945 1.3937288677695823 0.7363870736189547
AO 1.1426072589522307 1.5148633405182474 0.7589913449435608
AO 1.1575001076507305 1.5269100102877622 0.7715138979473942
AO 1.1456208082961485 1.3886063273315574 0.7852925144147626
AO 1.145391534446892 1.5231516012408557 0.7608853915060875
AO 1.1170214146809836 1.4752172021215402 0.7340995002606622
AO 1.1558839578234803 1.4681895555510922 0.7759139322965276
AO 1.167618564588884 1.453229739479785 0.7791825781574739
AO 1.1830053967542882 1.4121057283319371 0.7755010611324616
AO 1.1700437558648569 1.4641357559552668 0.7441816092259823
AO 1.1547930238845066 1.4201515043653967 0.7731221173464119
AO 1.1666190226289836 1.4509210508727102 0.7817133998247796
AO 1.1719118805365971 1.4411743025602846 0.7642173486746061
AO 1.1337271243060976 1.4430207666916206 0.7587574092272601
AO 1.1427449719226177 1.3955431511453298 0.7802564839093162
AO 1.1584721386894536 1.4459508733380209 0.7581870842004056
AO 1.1798703418306882 1.4155549487881198 0.7290251881765903
AO 1.125132584965451 1.437873755272173 0.7750964929506899
AO 1.1811050654201496 1.5123962429900262 0.7841174814310684
AO 1.1450549011598767 1.447591419962341 0.7601195540800921
AO 1.1095441721283188 1.4431832443528454 0.7593645311451966
AO 1.171154418077383 1.4569925690809136 0.7429272239373511
AO 1.1713891218999062 1.412368397142318 0.7659211377363725
AO 1.163711859814805 1.390134137727273 0.782313293019341
AO 1.1628967572968596 1.397002465379896 0.7823483483082158
AO 1.1515281163769586 1.4452720147766007 0.7863580321520773
AO 1.1085350247335035 1.3519051368494304 0.7732804502417764
AO 1.123470666586868 1.3449377621180953 0.7850224857398829
AO 1.1223854247894478 1.3844235138194687 0.7792964646365063
AO 1.1293209273520806 1.4432990844476803 0.7826514780479811
AO 1.1333705616595893 1.4381084185448678 0.7809348417021669
I 0.777220048299366 2.2799146581257337 1.0100090171293212
I 0.6801823975608617 2.1923974748987494 0.9877757733376676
I 0.6895326524926351 2.1855132044728895 0.9870440443423196
I 0.6948902633395642 2.196828033116637 0.9914612740148345
I 0.6838552900834701 2.174859791907442 0.9854968100306656
I 0.6609301703408303 2.1543408602514686 0.9704410064777702
I 0.6914141282813523 2.1861658355663214 0.9853682011786731
I 0.6805050562482311 2.1957338092719048 0.9772958405737169
I 0.6901770802447084 2.1730651048815064 0.972850863060123
I 0.6752459179513302 2.186762036874021 0.9732902701791716
I 0.6685628966873518 2.2175655359546615 0.9775285076475199
I 0.8266654826083626 2.275737759398055 1.0013952245416322
I 0.6645023890369905 2.1820731669469953 0.9738109751143188
I 0.667949631951513 2.1789865136040314 0.980064054208488
I 0.6689264157911858 2.1684399290753804 0.9767620528717456
I 0.6872814094978088 2.169040988943093 0.983162233375175
I 0.6810215952242056 2.162421844839983 0.981299616028385
I 0.700417718799261 2.1836765888835266 0.9777068460994465
I 0.6821558667614014 2.18518416659487 0.9773864111877284
I 0.6689753514729316 2.1905906171831324 0.9766687931751497
I 0.7129756214595713 2.212479386166959 0.9761792972728173
I 0.6599817927818955 2.1931767597384373 0.9693505907573071
I 0.6179649224442313 2.2239752594646798 0.9795688973221456
I 0.67112519125979 2.1922062387221497 0.9705543907709226
I 0.6550315001549503 2.1126309661995895 0.9460663915835898
I 0.6461531119636322 2.1425178900235013 0.9757257549733084
I 0.690086014554276 2.1452765765719697 0.97840807023893
I 0.6778812649622467 2.1534773713942235 0.9749119321877046
I 0.6396094929621032 2.1413809771363073 0.9747926836252115
I 0.6390287749510886 2.15185196642454 0.9761479636675264
I 0.658639038323559 2.154010591309206 0.9642606393246335
I 0.6286600951041784 2.099410737385281 0.9473850488458655
I 0.6660713912266965 2.1040740699096587 0.9589911643081467
I 0.6048905510611804 2.1991081251124864 0.9764948222522658
I 0.6537359191038005 2.0971783505674324 0.9613401689891807
I 0.6516900833958834 2.0910238549146967 0.9642967986403543
I 0.6641048031392726 2.124065208611785 0.9777365865408918
I 0.6448042441364153 2.1272972394284677 0.9629625159992478
I 0.6416519534464094 2.110609270169263 0.961142914366412
I 0.6288647049014332 2.0948182279380196 0.9505265825954934
I 0.6479510416580994 2.0990466358816886 0.9522603004677994
I 0.654613689744699 2.1203743205458254 0.9532774062453183
I 0.6436433389059573 2.117936079512803 0.9629452348518382
I 0.6643322930319112 2.1210100795782094 0.974696204965401
I 0.650983865074311 2.224872314643595 0.9810402107540719
I 0.664737467141265 2.214632096150819 0.9863502896777342
I 0.6821351546944822 2.2089600910710883 0.9930180108371037
I 0.6899445860068831 2.2143141671447193 0.9963293140814033
I 0.6991400530424792 2.1986320897930565 0.994127638673357
I 0.6845938678840561 2.202267948562815 0.9948195318644317
O 0.7942161146882802 1.1621755908270743 0.8561996029481814
O 0.6753108471393615 1.0416685280590543 0.814131466065877
O 0.6662171161473469 1.0561178867339522 0.80409612331879
O 0.642600323041843 0.9405189869211114 0.7728087118864313
O 0.6382729212506505 0.9153622339226324 0.778700875731928
O 0.65332293393678 0.9630437216713021 0.791031059707868
O 0.6624093640306948 0.9641057875560237 0.8010848324000239
O 0.6748040811737801 1.0140540329264718 0.8034118172706408
O 0.6477478298471169 0.9865677768779505 0.7977949063706363
O 0.6624730057271851 0.9682262143404583 0.808441989504283
O 0.7023767909513889 1.1069128352347033 0.8391367908086862
O 0.8591062183003458 1.2504013585635105 0.8414444546649105
O 0.6810752094389684 1.0723949269881141 0.8246620424485713
O 0.6816472736269058 1.063544251477262 0.8071177228854158
O 0.6409128992814942 0.9414194692373894 0.7759255010529326
O 0.6626547431681226 0.9618103581564518 0.802883019778472
O 0.677219020856732 1.0328071920728514 0.7968731603853291
O 0.6684787102803377 1.0074608355154204 0.8410445646431223
O 0.7034259456312406 1.1039627614166265 0.8397979835937293
O 0.7702406165174325 1.259878666286649 0.8666878424524519
O 0.7574671996611386 1.128274598112535 0.8444249688751145
O 0.7243010938886126 1.1231827203205864 0.8264927709244109
O 0.8594921661727386 1.3344518750133032 0.849570623041629
O 0.7142252599146685 1.1139396297075714 0.837485673217463
O 0.7511015486370175 1.1716686768955897 0.8688323155123844
O 0.6993765661981572 1.1153873804974699 0.8477539457525464
O 0.7134902262069932 1.1245393601647629 0.8409010292735174
O 0.7373687957193918 1.238741642188782 0.8660312515279271
O 0.7002243587482463 1.1008236465368129 0.8246257983485891
O 0.6878545609736486 1.0744387114435474 0.8413136991774497
O 0.6769517884342799 1.0690544030921323 0.8187906386173909
O 0.7014918675913282 1.1651600402898745 0.8339863953060851
O 0.6885753499045951 1.1356035722186542 0.8697513226109084
O 0.8078410418182407 1.249275301432305 0.822254464908222
O 0.7506766513660853 1.246342404356737 0.8598700587798888
O 0.7645380637355763 1.2442932639338502 0.8710983442132803
O 0.7194838077284513 1.2035273676778178 0.8504298349669603
O 0.7574867712474761 1.3445844101874458 0.9009971556250128
O 0.8139643680206957 1.597769691523135 0.9633448919186562
O 0.8046676750219509 1.4351394787768037 0.9299797984356641
O 0.7380489684519447 1.3008840847267877 0.9108508775252946
O 0.7461295144351774 1.414773059240303 0.9211235996376879
O 0.6926573166299923 1.1821990038302967 0.890713535057521
O 0.790664388591626 1.4648880300478602 0.9324413053806232
O 0.786957599247187 1.29114219172235 0.8329816880643983
O 0.7689620284318621 1.289073804724547 0.8211217774793047
O 0.761347248587135 1.2928281329708908 0.8189984050354885
O 0.7498308437445825 1.1526743833541746 0.8096987983848121
O 0.7483618910548959 1.1880677515638984 0.8125499469547977
O 0.7179219790496429 1.1823604565785133 0.8386906690481463
