A 1.129062006913546 1.2489499619249835 1.0630347379211809
A 1.0965087271599092 1.2578492922868554 1.003908463251326
A 1.0010010203649484 1.174615691604309 1.0072941453008102
A 0.9811367748812696 1.1548171822809152 1.0319739582661704
A 0.9556655927329231 1.1164808409530127 1.0185351510679599
A 0.99209298340897 1.148702713087399 0.9901398528357892
A 1.0484049706040992 1.1639126322526085 1.0169451589857745
A 1.04666164386198 1.1648084343343879 1.0017958315115862
A 1.0230273559139207 1.1595698305512512 1.0079506772886204
A 1.0153286761796565 1.1526211242627626 1.0101423447786273
A 1.0199320424649854 1.147445063548089 0.994073484725248
A 1.0730704431594047 1.2191640294402903 1.097011025556101
A 1.010371935256716 1.1458623014815457 0.9503374557499992
A 1.0080930734528826 1.147079984012018 0.9703491371949721
A 1.1128383006878628 1.1587492180043757 0.9720857759434872
A 1.0992517064559177 1.158478131318124 0.9783254636626069
A 1.0531262041930427 1.1551337326396867 0.9745398565873029
A 1.0920179667363963 1.160176227200132 0.9801363849366393
A 1.0466448403483375 1.1339326554439102 0.9802586827633503
A 1.0871149608176727 1.1534067724221282 0.989859698861933
A 1.0862534959862404 1.1537674816998635 1.031571869543617
A 1.0941267008451296 1.1468554075727426 1.037107001395966
A 1.0689197789514124 1.2155468539209116 1.077085144923535
A 1.2263013157220963 1.1833383349672169 1.0677365570264343
A 1.2171837629318685 1.1750268121968939 0.997223248441268
A 1.245279666252094 1.1915581890433973 1.0227452244506263
A 1.2699325566300095 1.1927392800938026 1.0338219201325223
A 1.249227764115732 1.1859107796749606 1.0053453458570618
A 1.2075861666796537 1.18917540835957 1.0273921728699016
A 1.22481292663157 1.2011225540311612 1.0258519529457073
A 1.2203972918430854 1.1818485855120824 0.946713541282931
A 1.2313045273272256 1.1766349300567938 0.9756182763508684
A 1.2368238056550727 1.1964816704642622 1.0248238399438687
A 1.1965026420739204 1.2130324723666486 1.0730138412663248
A 1.2087574145813762 1.1844425271042691 1.0216365792659996
A 1.1933637345028774 1.189201025859387 1.026373769451288
A 1.1888458658426668 1.1940150500190978 0.9935757916387185
A 1.1868698345395443 1.1919647875448443 1.0167774009626809
A 1.1863460251828961 1.1998861020655058 1.0065544014710286
A 1.1975459381422493 1.209791593887955 0.9867400376258771
A 1.1581406680056199 1.1852301082638412 0.9943443554987245
A 1.2087410681961688 1.1962281110918187 0.9272218732657549
A 1.2440920885598576 1.2136172682278694 0.9190672547171934
A 1.138063301921051 1.168962678320698 0.8501851558470125
A 1.1988891334023828 1.2234290739867675 1.1045137029808139
A 1.0717571627899187 1.1830902445493992 1.0234590062634055
A 1.2058442757212293 1.3173899368061723 1.09360195881772
A 1.15437196478247 1.2425149332610175 1.0490040723881582
A 1.1632777394870744 1.289983675061828 1.0738782152701405
A 1.0595718460219765 1.1933722501293673 1.0127883034400698
AO 1.3371338798972785 1.3920566610580536 0.8801802849428888
AO 1.1145748268546336 1.4703898544742833 0.8262550513725455
AO 1.2077524833088749 1.5450406349949333 0.8911234271252241
AO 1.170713655612645 1.4600354453555897 0.8627118649940033
AO 1.139345932820996 1.3925359313150683 0.8225236709933735
AO 1.1540868198343799 1.4015425226175802 0.811067980034905
AO 1.183237827995252 1.4144539101816695 0.8253332860922145
AO 1.1582727627285405 1.395945770256719 0.8787777684826787
AO 1.0999765125881549 1.2454272972501597 0.7736800636488632
AO 1.1540071924906805 1.3090258899515388 0.8252224487438118
AO 1.1787594124972312 1.4112358469111697 0.8382701832885144
AO 1.2365754692880317 1.5389762574708217 0.8963547005357944
AO 1.210487534710448 1.4252082115400675 0.8552347996042626
AO 1.2069478133367482 1.3887593614346938 0.8685691699509615
AO 1.1710435035158238 1.32718689847589 0.8376629541522154
AO 1.1826600392918687 1.3644881124119 0.9034010378636629
AO 1.1784487290461612 1.3866763316851622 0.8937051567149604
AO 1.2083599198173658 1.4093553739983031 0.8960139198529976
AO 1.1394496638374425 1.3532081907627918 0.8548771248187815
AO 1.16243671490107 1.3155023455328465 0.8406676156646519
AO 1.1539441095011018 1.2780320347781124 0.8170299430374518
AO 1.1412347067551272 1.3119634182511881 0.8291439090948673
AO 1.1480896978327397 1.5153301203940228 0.874064167903583
AO 1.140959829246699 1.3087415680551766 0.8639970918176505
AO 1.111650518647329 1.259609044887141 0.8100402971796763
AO 1.1829784264443832 1.4161382611763365 0.8416447269440914
AO 1.1884261822377402 1.4799565140728954 0.8586899046098955
AO 1.1814292982690837 1.505755333526738 0.8311058666829712
AO 1.2218054113496322 1.5183588375776496 0.867347751293142
AO 1.1836621976932222 1.4330298371246137 0.8396834610644436
AO 1.2216525287018092 1.4803151536926167 0.863078232499316
AO 1.2027161746607669 1.385155821959986 0.8622784622909303
AO 1.1712459465073817 1.295286500846255 0.8021654461640509
AO 1.1851166777493805 1.5286759212901895 0.8617351772013447
AO 1.1871125587270959 1.4693942125694393 0.7753436397214402
AO 1.1621888843401167 1.3661568172379799 0.8061923050816979
AO 1.1800944303269367 1.4791813230327897 0.8067859925439458
AO 1.131258956210496 1.4215519626053297 0.7968806932779089
AO 1.1892330880614896 1.4977538300865192 0.8074829546343764
AO 1.1859209423220736 1.4173917826710398 0.8455350309959005
AO 1.1883741123465816 1.5537444531587445 0.8647113703436383
AO 1.1548112718849801 1.3240540903881142 0.7745498442508016
AO 1.1505996876379954 1.2797852426945926 0.7454659854729931
AO 1.0796804042744381 1.2405865629280197 0.7475238640406238
AO 1.162622195412666 1.477011067482977 0.8182063729893857
AO 1.15888300357951 1.5502026711501873 0.8597984641185075
AO 1.1778731456518703 1.5882129150972344 0.8771219882917107
AO 1.1916829585342041 1.5028040266319447 0.8478572443547232
AO 1.1778111330697134 1.5330656577217332 0.8698888089826347
AO 1.1560219084023142 1.4162534417475336 0.7969411535306549
I 0.5759219806747546 2.516052675721133 1.1700023707392355
I 0.5254228342774506 2.6613978353143515 1.15457213075093
I 0.5634201930085448 2.7858441197975625 1.2644575376798666
I 0.5605487935871356 2.7555990950734404 1.2272625433151747
I 0.5334476550129469 2.6909690886980053 1.169400742695811
I 0.5570901033733969 2.71455471399082 1.179628526610439
I 0.5286932928581223 2.663775103799769 1.1913083422237298
I 0.5079598658915621 2.544575179663951 1.0562314365627565
I 0.5093475583930667 2.59229682608544 1.1031284316668812
I 0.5156468454084617 2.6723907816746335 1.1469357268535603
I 0.5075173685709479 2.5798176978705794 1.0046275993334255
I 0.5144626373312999 2.6108553231767706 1.1782840833418025
I 0.5148373745657443 2.589843814910132 1.1317989496665655
I 0.5104698590680219 2.5343364282281486 1.1282834749399373
I 0.5196355627418504 2.5355010757834653 1.1430823989879322
I 0.532006675295408 2.524618121516749 1.1295488602359967
I 0.5290588293066 2.474603685608124 1.0916502811243678
I 0.5127705901666699 2.5071643706382103 1.1170122013940873
I 0.5150509278139934 2.5381033071503616 1.128693379222668
I 0.5256943687574248 2.488430309767594 1.102259276230681
I 0.523870679139516 2.505921787682986 1.1203111467624476
I 0.5131695544899435 2.460891770297742 1.1119341841598114
I 0.5187261407089095 2.676807231461681 1.1521055855252433
I 0.5117008345827307 2.4819542319381 1.117318824728199
I 0.5189801496235518 2.5247906314017214 1.1182551352280454
I 0.5145427415051294 2.489575686068854 1.1225483052533887
I 0.5195410577684044 2.528422517911962 1.1375422002748774
I 0.5158086005097363 2.497923549094827 1.1182409058059843
I 0.512183068564117 2.465405928894243 1.0577552494038125
I 0.512675930444489 2.5172755758277976 1.0959779255068227
I 0.5184187119329354 2.640069497273166 1.1393630942010273
I 0.5144678588003148 2.5961380394906377 1.1266807959205263
I 0.5154656868547667 2.5386812934880405 1.1391436401516597
I 0.5261456634482845 2.683601753121017 1.1595454595003327
I 0.5192355649498677 2.543787183577238 1.118515151979297
I 0.520704952687477 2.530730713137413 1.074950647406416
I 0.5123136538535015 2.5141602101704987 1.1308329093929437
I 0.5112608873423958 2.4868543326129777 1.102639941728163
I 0.5260455539969292 2.5177057388782047 1.1277102810761257
I 0.5082600732548117 2.4430308986432028 1.0605159562708373
I 0.5124357007004761 2.484425560309849 1.083369564172896
I 0.5125935915544797 2.4591019558936984 1.0523761521767618
I 0.5076453326252522 2.4447293736204427 1.034241620415634
I 0.5136992731188679 2.4769754770934873 1.1151868931324604
I 0.5257858091892116 2.66123024949546 1.1747963001453494
I 0.525425433290898 2.6946297570333644 1.1731971783877548
I 0.5235138966459357 2.6990169235181405 1.1670863060422585
I 0.5215636837477298 2.635249481448017 1.1735604220936862
I 0.5222657667320589 2.663926653632063 1.1420005142044503
I 0.5381944635523589 2.709679079286823 1.1803395489364588
O 0.7765334103934877 1.9126054688495178 1.1355068053012907
O 0.623549240467438 1.020458822482965 0.9565599516450001
O 0.6540607334317835 1.265619808566049 1.0148944883765512
O 0.6071855147379769 1.0743573469471535 0.989328311180981
O 0.6497833858677523 1.3098171172919653 1.0137995814095266
O 0.6259515217449736 1.1867539189171532 1.0042512824136003
O 0.6389561673072838 1.2103939791003697 1.0224490126606822
O 0.6846496439552436 1.3927854566814406 1.0388094930332783
O 0.6659701104043175 1.2926629379705068 1.0229878106733825
O 0.6623340422829163 1.2314450515705417 1.0251575692782189
O 0.75671851587454 1.3076076060378088 1.0426737019183172
O 0.6756223139495756 1.431484558799808 1.0687816263290257
O 0.7508549290118028 1.379899808442439 1.0472913047144263
O 0.7887628273545354 1.2843318867058064 1.033686860326011
O 0.7066062252402808 1.204685949524331 1.0046028575400396
O 0.6531454285823047 1.3070372831785768 1.0233456829949155
O 0.6825327621190949 1.4310661729322924 1.0536490445770172
O 0.7344745043244228 1.1781399682304525 0.9834586000748513
O 0.6867424447788236 0.8676341601517211 0.9478602660402204
O 0.7121688840773831 1.0250232952615812 0.9787830384962305
O 0.6654128624470447 0.8757027947252173 0.9283622985967672
O 0.7293616129995714 0.9789610457555391 0.9582939573337944
O 0.5850578250246142 1.1048819486342543 1.0049000933099757
O 0.656041053744553 0.8373965653321508 0.9444833835827653
O 0.6575020655740973 0.8790832490248542 0.955141866457287
O 0.584308076378598 0.8203394736964134 0.9440299582409993
O 0.6112373581297251 0.9386092180691283 0.9878032982361579
O 0.6175486988702662 0.9962742198711085 0.9902742783526837
O 0.6791235965801118 0.9404459944967032 0.9681482023819056
O 0.6653168060210225 0.9259303069151112 0.9467131395081928
O 0.6842666127964262 0.978986167104254 0.9583237027741275
O 0.646655343745203 0.8916611244375952 0.9406186605404498
O 0.6331719818353679 0.883385003107179 0.9465089330931867
O 0.6728763538460908 1.5360739330630322 1.0540566229960147
O 0.6209737501686803 0.898258924307967 0.9725581033779386
O 0.6877582698441871 0.9987601880320722 0.9810127660046948
O 0.6212456360360257 0.9097548524535892 0.9544169588261024
O 0.662923128858486 0.9986103865242543 0.966664474021344
O 0.7027194857384192 1.2102483731459979 1.0030902611826569
O 0.6612327971181485 1.1514920548095342 0.9961172576835076
O 0.6588483652869992 0.938364010467486 0.959058498910144
O 0.6488637351507862 0.9338886144254399 0.9816411435419375
O 0.7360091018981391 1.0508774157874887 0.9916003461113613
O 0.7976707912179374 1.2114132735370993 1.0398239821202349
O 0.605468922767374 1.0809730560525985 0.999692828118513
O 0.6708890256194286 1.4434278187761787 1.0551471312522296
O 0.759541309280036 1.6216772111586766 1.0236817956938755
O 0.5775511944162388 0.8623183282402462 0.9538034325218941
O 0.5992162587007701 0.9213246802564773 0.9638262997481987
O 0.6222553375891554 1.1156439272744887 0.974220947783318
