A 1.0815490526487548 1.2577221461521841 0.8525986180412349
A 1.1033408241554903 1.2797876512038273 0.8746832178209218
A 1.090013926454187 1.281416426061527 0.9119066445320908
A 1.0199361018313797 1.192007263944809 0.8863701717221826
A 1.0170395168308315 1.203530399152732 0.8956793311183173
A 0.9982394694660665 1.187238078254387 0.8692487009734188
A 1.0399752030056215 1.2283796357950252 0.8531110267617619
A 1.033388007509763 1.2025415176587477 0.8629490081349476
A 1.0154852819606093 1.2156427056514858 0.8770235925684842
A 1.0106337490004407 1.1758508466241662 0.875040114820122
A 1.0484015804446685 1.221215667200052 0.8530279997233312
A 1.1060958539659647 1.2393467837394243 0.8597512333735976
A 1.0488267391620472 1.2145562429837078 0.8841224802315557
A 1.0223761588162956 1.1983682887030134 0.8543914623666028
A 0.9818802503891163 1.179491150438491 0.8639630356795671
A 1.0119548053779934 1.1965757747791483 0.8771786368236747
A 0.9460304196729333 1.1520058907068953 0.8847400571241142
A 0.9586955493558279 1.1425378798328347 0.8980696701166365
A 0.9669153930173041 1.1836725307984766 0.8957930972719919
A 0.9718854183092822 1.1659747200483264 0.8843832685133284
A 0.9971948733335284 1.1466034411066917 0.8883779730538939
A 0.9937611178799675 1.1695686989270109 0.8428071878276528
A 1.106910146181266 1.2381153629867483 0.8060453013225115
A 0.939958980829093 1.1008984439791927 0.8753436590636561
A 0.9282399860910978 1.1072616868328515 0.823544105109569
A 0.9458787327993491 1.1344206958582708 0.8207575901964705
A 0.9493131599533621 1.1329728136628479 0.8456913215740588
A 0.9089692510134891 1.128991695850553 0.8058526771479404
A 0.9368827250723674 1.131545625305084 0.8313594096053408
A 0.9185823596776868 1.166155226696893 0.8311039550345413
A 0.9132811226378746 1.0943664399354955 0.8168419239587196
A 0.9351344446930104 1.1262070816453866 0.8455297933482298
A 0.9165585269771697 1.106216213284192 0.8286093742905344
A 1.1065041522098105 1.2691895317556559 0.7951714379482214
A 0.8982420358943745 1.0797851367565507 0.8169593851612464
A 0.899680464472307 1.0977308136086963 0.8351808514158068
A 0.9218521148484643 1.163346258501726 0.842828136826075
A 0.9220640042452745 1.1764967909707267 0.8346178544508734
A 0.9030152101291892 1.1009023890953367 0.8235452175250205
A 0.9257016596445203 1.1185260958300278 0.8309893560514552
A 0.9228414214909031 1.1251799071796411 0.8736774147517687
A 0.9122491643623637 1.0574955847635663 0.8474878136780577
A 0.913288223293961 1.0576270765996711 0.8310285738427816
A 0.91107524567421 1.0993813947459765 0.8635995055583856
A 1.0965655093709414 1.2453242534959188 0.7682585249168803
A 1.091898016330929 1.2490388943853292 0.8054114658155046
A 1.0760035999232282 1.2392725396557078 0.750092060429308
A 1.102056530674128 1.2720749390939026 0.873184393126719
A 1.097357792363835 1.2793497059567747 0.8665713236033011
A 1.100015151411672 1.289462768340404 0.9288644406964378
AO 1.0765250599247358 1.3192748787908095 0.9040086792399917
AO 1.0684174486039806 1.2975565372027738 0.8195146121250432
AO 1.0486458078085439 1.31395043311858 0.8082401794800528
AO 1.064005060020359 1.291945795893724 0.7982330820342893
AO 1.1156059738972004 1.3511481890409311 0.8372776854789946
AO 1.073380951106973 1.3258412345105122 0.8526608419429916
AO 1.0389179667176085 1.2902222997915533 0.8197240151068272
AO 1.0641957066571563 1.2979873578933214 0.83468661587961
AO 1.0866601555818578 1.3386011386161978 0.8574732952334662
AO 1.0703693750439374 1.3124436829122699 0.8755722231424676
AO 1.0542998449844057 1.323193196239525 0.8563582219250825
AO 1.0087667864973553 1.1974283743491363 0.8865946838678729
AO 1.0648257718644443 1.355360750874892 0.8772023114782732
AO 1.0750282158225346 1.3534808964854539 0.8516334604418957
AO 1.0497991070142543 1.332209712177941 0.850834262161802
AO 1.0264856625293342 1.3262804026571413 0.8389338991876983
AO 1.0491252249992418 1.3317256543633842 0.8890618461151801
AO 1.0491952929918262 1.341060360423618 0.8613494905615527
AO 1.0722476225220046 1.341284674820613 0.8761408138363045
AO 1.0992638409503357 1.36197563677838 0.8628112246050735
AO 1.0967798206624977 1.3722869649537321 0.887990809908391
AO 1.0999545259430346 1.3736475687256553 0.8795871723582476
AO 1.0884534531821537 1.3286183896562387 0.8994822325972711
AO 1.0835893347877896 1.3592290643828653 0.8834066286213952
AO 1.0609875920839142 1.3581182577937754 0.8669007737312291
AO 1.085348857678374 1.340180895538345 0.8174471579323326
AO 1.1248483985089492 1.3763102675300118 0.8731887228511216
AO 1.0991598555096034 1.3304640894064277 0.8306936943181223
AO 1.1180807180038113 1.3323034709357442 0.8463481744664261
AO 1.0981367601984224 1.2969183286843515 0.831105039802821
AO 1.0970940275229468 1.3090005039478667 0.8389117616007713
AO 1.0271484318161237 1.30966116849518 0.8294347029064583
AO 1.040183030805594 1.3356646835388826 0.8176480225485879
AO 1.0657174197350465 1.3315878483606727 0.8889113174824427
AO 1.047079967669919 1.2783962880643056 0.8205457175748015
AO 1.101234230569075 1.3362222655337297 0.8432760799231159
AO 1.0862486974011334 1.3609144249250527 0.8305765206049841
AO 1.0854372616127173 1.3489158635257128 0.834403496752936
AO 1.0620653161468996 1.306923338709869 0.8443521893726997
AO 1.0414927238299427 1.3474614858291314 0.8294292643224139
AO 1.0313064051083665 1.2948223964258527 0.8193674889293996
AO 1.0297481305527079 1.3334788285659749 0.8366765338051652
AO 1.0215514596400161 1.2924330900559982 0.8302694223996261
AO 1.0296028189302964 1.2924067888393351 0.8306480575700432
AO 1.0439523911497142 1.3680594939163264 0.8350131963172589
AO 1.0855743208783037 1.3328745749385653 0.8995227180048517
AO 1.0694967789086076 1.331099746342477 0.8611561625118243
AO 1.0575190028128487 1.285240507283224 0.851436863698503
AO 1.0465185720374464 1.234075587207947 0.8154049318781855
AO 1.070496501721072 1.2748697193427958 0.8200773701827286
I 0.6475211170936612 2.2231331003120536 1.0061550158544434
I 0.6686096467640873 2.408962283802982 1.027001758857883
I 0.6650630744759237 2.4482978510762323 1.0224554734419082
I 0.6483995919060482 2.338337691775733 1.0269728759913197
I 0.6543306032773532 2.2988840721668993 1.0313632021351518
I 0.628741864254966 2.216156693086481 1.0056692369885092
I 0.6703889069728425 2.3097992642399223 1.0222425511756292
I 0.6592075815582218 2.32307275818436 1.021389745848991
I 0.6532029570628123 2.2968971443669406 1.0119917667918235
I 0.6405810564812362 2.272260394381449 1.0153361137843886
I 0.6393523552044189 2.2732542911414075 1.0048648949642778
I 0.6847456650068928 2.32797694321631 1.0250303280903785
I 0.6285814891593148 2.326952945587803 1.0140023118323933
I 0.6437540185769455 2.285061501353876 0.9990227062307766
I 0.6713973442707317 2.4268743166328597 1.0322553475014418
I 0.6631336489308676 2.406501004481599 1.0257196225412177
I 0.6511334170031964 2.330484144495354 1.012751348712016
I 0.6026839119618624 2.17407346360571 0.9935534010885974
I 0.6348477427536806 2.3342724015879943 1.0178850511305169
I 0.6323557379138641 2.3351273472632443 1.0165395640036994
I 0.6293536880025671 2.3212721983172333 1.0257975127304828
I 0.6494284691243359 2.281410405032635 1.0211974026381532
I 0.6659193131251906 2.279086576073554 1.0339698967039856
I 0.6174057387821863 2.2341177882288727 1.006380760370709
I 0.6205729629608195 2.1516708803533384 1.0128067417644129
I 0.6179554765930969 2.0848348727138006 1.0137279869032028
I 0.621678479839913 2.023510228944382 1.0183633866665966
I 0.5988904713711991 1.9926761965267623 1.0099320981027298
I 0.6091510665000395 1.9702097152986504 0.993078979720745
I 0.5956880389492742 1.9521466129631035 1.0128360859867749
I 0.5874186775415374 1.9385261496959436 0.9989093241948943
I 0.5907966002999286 1.9495573602604026 0.9942239268123041
I 0.5926701550221983 1.9352613826671716 0.9939354851616061
I 0.6309506774968542 2.2343868374437936 1.0290461346381392
I 0.5918647763167548 1.9473031741085154 0.9890578967387698
I 0.5966857900694279 2.009814785570787 0.9926621452010083
I 0.6020018082263111 2.031484660597518 1.001792043021481
I 0.6030562641729907 2.0621096258420257 0.9889070977893876
I 0.6267527447733202 2.188068193697045 1.008004072396955
I 0.6056008042507997 2.147143058850001 1.004485191454833
I 0.6525520057219968 2.37283134910602 1.0343861983359748
I 0.6776922626803552 2.472044419601643 1.045259020127203
I 0.7117122393453311 2.5320640098243192 1.0557492169538114
I 0.6759338234037159 2.4776470168583247 1.023854444937949
I 0.6195824010266963 2.253587165635636 1.0159796691262868
I 0.6555022560898185 2.414243668851211 1.0346869112472374
I 0.6599286270011553 2.4731711461980592 1.029810343475308
I 0.6531257062621784 2.39588918447561 1.0250608504415266
I 0.6672815516286175 2.4176902488229914 1.0301874915333349
I 0.6686203964613918 2.4110115148774756 1.0232444908970522
O 0.7255200462809231 0.9895259729530781 0.8046470841942868
O 0.6877026431135519 0.9433518525926464 0.8686524620309385
O 0.6621955956426884 0.8971126987178794 0.8157845104329224
O 0.6642932258995669 0.9041929431295602 0.8228163244934154
O 0.6537354013415531 0.8816174987615749 0.8133879407377043
O 0.6812036955258238 0.8769137280517353 0.8270668748832153
O 0.676482313243536 0.9066293076421743 0.8167508428157821
O 0.6665026687185039 0.8907050456515907 0.7923449885737358
O 0.6838418257623466 0.9162161327401063 0.7884657703962957
O 0.7018496586166351 0.9523105506803909 0.8293496798681466
O 0.702343409463999 0.9812453674051078 0.8019531936546858
O 0.7364827426868481 0.9758621043491525 0.8065698598611969
O 0.7633076071447608 1.0322415866930457 0.8654394162537314
O 0.745318701375997 0.9905732150542966 0.8725544816638419
O 0.7471679283422848 0.9377019864249158 0.8538772235592659
O 0.7161882832859331 1.002533253590425 0.8118646605597147
O 0.7207767565035007 0.9967314884704292 0.8379268511677203
O 0.7236195637243195 0.9563862310335336 0.842226049119924
O 0.6723936266414696 0.89980403424739 0.7839177374977983
O 0.7251062378270777 0.9716743517091829 0.7982301235536947
O 0.7269317163594642 0.9655154817366758 0.8138407207554572
O 0.721120110846931 0.916759655867926 0.8085204315080009
O 0.6926690652319538 0.966488533982648 0.7821695433872168
O 0.7122362468035228 0.9601581167936609 0.822259177946704
O 0.7038627449010361 0.9141281720076183 0.8049025663617966
O 0.6954815229039885 0.9556140950696942 0.8094073800489299
O 0.7098922704655289 0.9570949033683764 0.8231395680220182
O 0.6993755583935574 0.9607129321076961 0.7919066592297149
O 0.7032541302307597 0.967816787484577 0.7953028147319426
O 0.7447437345713283 0.9725067370757788 0.8157578471411155
O 0.7159301090740235 0.9378493485742522 0.824738525825384
O 0.6836308968223176 0.9366684320537151 0.8397993712291505
O 0.6911575724015656 0.9240191700096492 0.8321611396335022
O 0.6952422966458358 0.968216437533124 0.8000312045697235
O 0.6823023956159076 0.9402891506289305 0.8424479742252852
O 0.6753965123837212 0.92410251463462 0.8288822805211812
O 0.6716242789378579 0.9293136971885436 0.7915754245551866
O 0.6787884369437371 0.9377191043457082 0.8403672239173258
O 0.6812764195114583 0.9734814514173962 0.8332678253386397
O 0.711140175576409 0.9465676088970852 0.8417885686620782
O 0.7070120799822293 0.937162210243322 0.8410036741432547
O 0.6869206146863795 0.9030208086511481 0.8323280887330328
O 0.6896811312620728 0.9342229878736216 0.8239112250701806
O 0.6773604916927416 0.8885379542120956 0.7919818419822388
O 0.8013590161457798 0.9930835741523804 0.9143352833633426
O 0.8373120451412703 1.006389453224073 0.9768030562321709
O 0.8136893027004928 1.0020944843603463 0.9570139522349997
O 0.7347256596818531 0.9628277362288994 0.8785299183146089
O 0.7074371470800602 0.9567578590493598 0.8815973253339496
O 0.7192189482728986 0.9597768363426946 0.8835770956775436
