A 626.4690692796324 1003.4524045588486 1210.6561930985254
A 620.8204895025935 1003.3181488903529 1751.8930892854723
A 606.8484206009106 1013.2365745515677 2641.166007808254
A 601.1092236536887 1007.5868699452102 2668.074888401857
A 602.6512544580141 1013.3473756061846 2658.791575716284
A 597.9250138125441 1014.997965090711 2678.388774648125
A 582.721452651044 1013.4188999126415 1312.5658769421796
A 585.9764016561485 966.4224141271868 1016.286450675581
A 580.9473120603363 637.6079185501864 1014.1878869463923
A 577.8644439482546 1011.5803220502365 2657.7528087705227
A 591.2385462834959 999.654643223579 2589.0573654824607
A 569.8487214279303 1004.0324770662621 1189.218394481068
A 573.6227634904621 1012.9116486529705 1089.0979207710802
A 573.9769021882319 1007.8334304044827 2669.989031237403
A 574.6687262613532 1014.0437321425607 2663.219259861578
A 569.1415904133273 1007.9096157475973 2641.4507078393717
A 569.9062080374224 1013.2829859007503 2672.2886556134204
A 572.1808703967247 1014.1915731224668 2616.4914174305172
A 572.1159954609767 1005.731220719995 2673.554009106421
A 564.0895687112762 1005.817248371501 2610.469141186276
A 567.0459983325356 1010.3377751427374 2577.3185436435538
A 588.2479937242568 1009.867640469349 2556.2356951897486
A 574.5086416524243 1022.0241314246676 2567.2571864705133
A 568.8685228228983 1015.1215656036885 2594.0473069039795
A 562.5157596214515 1006.2229721575212 2551.7463100470122
A 564.4095233824117 1014.4016371442526 2534.9178111612955
A 563.2191360100045 1018.3323366748228 2512.19289641254
A 564.3499264753858 1020.9719765222499 2529.121626086763
A 566.3518693967496 1022.9926826567968 2532.533798505625
A 566.5033988965265 1021.7203790448369 2534.0177360362295
A 564.7049504950412 1018.0098859783654 2555.6361596316765
A 568.4854477796911 1015.6884886968971 2550.789557253511
A 580.7342269460097 1010.9726235871467 2582.583602726696
A 557.625187208315 1027.066377299583 2555.608800723164
A 564.5783619778771 1018.6905796103839 2545.4402884080955
A 557.2900034968015 1021.5583008335836 2561.3244404767474
A 562.1388975678902 1016.4563357570042 2580.381097667951
A 554.6372444621056 1017.4867988508063 2593.2905938196054
A 557.7343371074289 1014.2432485870557 2611.0616536190605
A 552.1308729059883 1013.6644562267526 2603.465714761361
A 549.6568923261665 1003.4278392025483 2598.8652017924924
A 549.9688575142454 1013.9818695135646 2593.5174967971593
A 561.9831528261006 1017.5520472568741 2576.5203242672774
A 573.6190790358471 1003.255352956848 2581.510002173148
A 547.6999809188902 1010.0225991189155 2627.6924910874577
A 554.3519283463296 1017.3499464278462 2585.8870153425437
A 557.6756218060111 1019.462681310161 2572.0110776434512
A 554.2453985514696 1021.5550188811225 2591.2217364142257
A 551.8483709176129 1009.0352957801147 2617.861543333312
A 548.3970528495776 1011.5736060835833 2646.111532288886
A 551.3342727219119 1016.5376089777319 2619.109459630115
A 550.8585856495446 1006.033306644074 2651.5612760198
A 550.6872936017432 1000.4543870948828 2650.223764928097
A 555.1395461078488 1006.061167676876 2603.601993403077
A 588.7247628030204 1016.3222893393983 2562.70691001824
A 621.1684608156008 1016.1614819741925 2640.4604787049134
A 633.6646367697288 1023.4973712412319 2598.025230160188
A 634.7699200607625 1028.748491292697 2601.8105431286463
A 624.8503495682916 1017.6562303897603 2578.148011237502
A 630.5957273775035 1016.3402073108518 2575.0818408414148
A 617.0085733126244 1021.0218906227365 2572.54749964114
A 607.2930699615686 1015.1894107827425 2541.828519921349
A 610.9396764958257 1017.1450178358489 2575.137235812416
A 600.4088107576499 1014.7811449252822 2571.8287753496384
A 603.4385547019531 1016.6782608112991 2561.3408621058047
A 578.2733323086313 1009.7959978189656 2555.7899171399995
A 605.2358975068638 1020.001934026435 2562.247312545786
A 602.7691894847408 1023.5787016555153 2556.2463394993792
A 602.5576778493443 1029.0278209259156 2561.97347297439
A 604.3331724875554 1026.38585499705 2566.28602696242
A 605.595553553753 1028.7105387746597 2586.6618079826994
A 598.3502863371618 1030.0759390207832 2582.4285761206693
A 597.2098317232568 1023.4883598957397 2567.5650998451997
A 595.7261386460892 1024.1807585528613 2569.1165409471705
A 593.3380975048402 1029.70191562664 2573.162859739717
A 592.5291271351999 1026.1806121971222 2569.3645444973554
A 576.3151748238912 1011.9739089267143 2524.358437544335
A 592.4940236946853 1028.5952322696523 2571.1887862581775
A 597.4240826977159 1031.2434449274087 2573.490806447553
A 593.460528057659 1031.6242600992587 2566.300516458341
A 594.7183561539132 1026.5080383186837 2561.546493553748
A 598.0394529502507 1025.85328831659 2572.4086329170414
A 591.4409071134539 1027.0687192646603 2565.0184636994622
A 605.6593151569492 1023.3850088608052 2537.974578485123
A 603.2841499582679 1030.0387878001045 2521.688481315422
A 596.4987740328314 1032.5774025172143 2547.7141176145565
A 604.8060325847347 1025.729589665123 2515.3637214304667
A 572.2162711804717 1016.7024592483338 2501.731951480855
A 607.0273594324244 1011.5783780759621 2539.131012896572
A 604.9293894993547 996.7952752713423 2491.938870658214
A 603.299884402827 1012.3855512678913 2486.8104407994324
A 603.9403775549664 1027.2920748798908 2466.2926452183306
A 605.5999607745226 1032.5469907760507 2499.8505565751548
A 605.9752091138556 1032.455611077554 2519.6482345482914
A 609.4227134839183 1026.0707056356894 2564.5301729824414
A 604.1910559674021 1022.5280755487566 2475.9772466264817
A 609.2995953473337 1035.4385236883609 2552.5486837347094
A 598.7457180106319 1030.7232690638173 2530.2851671387243
A 567.5889038806544 1013.8237245494703 2506.2527971602563
A 606.2962664299104 1035.353004634264 2514.1347995743504
A 599.3069146625204 1026.210725772681 2539.0315097860653
A 599.9363153674691 1035.9965959978592 2525.5829020861765
A 599.1452137570908 1017.4004722259651 2521.2946081614637
A 584.2639683436406 974.3583771187065 2512.2770965757327
A 581.472703264875 1007.4877083477617 2456.918167750827
A 579.1350439514488 1030.6294861456247 2510.156017752058
A 588.4704545114862 1008.1841456024026 2523.568538676963
A 582.937358262365 1013.0575842435895 2514.949767530621
A 581.8613200523552 1027.4022627113984 2501.6020278942156
A 561.0559902416904 1013.308674738112 2520.378994423962
A 560.1823949056752 573.2023657473709 1024.7260020957158
A 561.2215901437087 1015.0536837860969 2504.028481058062
A 555.226491169796 1017.8495757660485 2541.4884695253004
A 549.1117928660233 1095.1610363189448 2504.3572191085887
A 535.2428567593445 1039.4370808376154 2515.724493665714
A 464.01508669210347 1041.5137011910333 2562.329993438368
A 489.9836741349472 1004.4817481743156 2636.7192630612535
A 203.52651112660666 464.7886878186296 999.8371495819331
A 447.70463324306536 992.3067837606939 2578.080742521705
A 458.3008828525922 992.4787903376765 2573.0489887306285
A 672.3605690839852 1025.9049341742625 2661.926415727897
A 457.35990902830395 1005.3758194624961 2595.2457661425283
A 223.49447006598723 559.7198504352103 1003.9555934429138
A 473.3865350762021 1002.0437745194745 2548.6443449618523
A 463.22645487220495 996.9861614377411 2544.4304267408743
A 483.8140952570061 1000.0374640457279 2503.6082453659487
A 455.4002798144962 985.8974587011509 2531.1308148597127
A 470.0008605373128 1002.6055663405293 2497.3852376208024
A 232.2272436254744 690.4405696587213 1029.0335022671609
A 477.37683760756295 1014.0086695386484 2505.711363804972
A 477.366883504387 1018.4480934104585 2495.6165805038163
A 654.367924093599 983.5593039715476 2647.64751728644
A 289.6771987544871 465.69671292878644 1016.7828651675256
A 486.4004629215816 1020.2184539904632 2502.6648205635584
A 498.2047739727639 1016.0895082130713 2507.768451840841
A 544.7739740151417 1035.0655077187544 2492.838908146035
A 204.07950948157827 765.2762789372767 1111.4085943727896
A 212.99204760731513 753.157355534923 1112.8818550080928
A 248.799954171083 580.8179396271951 1049.4974211810827
A 211.8218935185161 740.9467198873223 1098.9635625115036
A 253.73031377412593 711.9865058788906 1085.8210277231303
A 264.1839376052184 571.0796825601227 1059.0853344109435
A 643.5376198747425 980.144015278824 2436.7061995340364
A 519.3232937437408 1056.793943019452 2366.975980402466
A 538.9247242731226 853.408642739217 2373.7168789294924
A 545.0959690919982 910.8510192359453 2364.999793447974
A 509.20220971053203 1047.0956605697645 2431.3056147098937
A 503.6947422563934 1042.3077794213336 2495.5425550786263
A 220.32663476019198 532.6457373975365 1147.1839421314326
A 456.6856754441625 992.3838478992857 2543.3649522088276
A 254.8559765443683 366.6810208949295 977.7682522130712
A 460.8456027821447 1021.792551493926 2561.9157764806673
A 414.12940318730006 1045.3889430677807 2519.546957144801
A 641.5567880808774 990.6636534015687 2254.1810495923173
A 467.24481889852757 1045.6884894932712 2452.4886003896527
A 493.8670404755528 1049.8596683505248 2382.0132559231515
A 512.8609249480793 1048.97292588632 2454.1266196472507
A 496.2772386996385 1003.7626737026019 2353.555671637981
A 183.1137268822802 533.3552492195159 1066.449118165881
A 511.43564668909994 1052.7425538132575 2398.4359896014244
A 517.5683335181509 1055.196743429306 2406.79031575704
A 515.2509784535467 1053.551193108129 2431.505225714446
A 522.2832535107316 1051.8271470916266 2382.593235105318
A 496.761909789504 1029.4342498634448 2366.6323113647127
A 631.8810609890531 988.6848097548395 2292.9519506560373
A 519.6371845175792 1062.8936731022611 2358.5009372415993
A 335.7468044018313 587.5658072446657 1065.8674564934354
A 264.01445346979796 543.5058361317504 1074.7565328545131
A 295.89424916516 550.4484277939135 1088.0436829786306
A 499.27454144929396 941.1603652237228 2384.702935284084
A 346.7066727230324 555.9407220882455 1033.321072532332
A 518.179449244913 1015.3023519239969 2547.0039226533663
A 339.21634791658147 574.9156885344158 1041.8682423443086
A 367.63205051839225 577.4807694063983 1038.798363247783
A 317.342121497537 557.5887743066091 1049.004045958482
A 626.6418326354604 1001.2041480048498 1881.3922238970808
A 534.1260095877308 1004.5393076668614 2430.0943693028194
A 503.76606565721585 1024.6280250774228 2434.668652872743
A 516.6756301772485 1030.2879754289334 2383.7671570487737
A 503.1878836985737 1017.8955642584608 2420.5447014381207
A 523.9172936060869 1030.5520071754233 2370.8766807786
A 522.6503080561139 1032.497074716989 2444.565229230153
A 514.98462454697 1006.0066083136667 2454.50065196101
A 221.7159166176845 536.5530142843223 1047.9349666673347
A 522.9954196238948 1044.6069313315497 2554.588854558833
A 551.9460505355951 1012.9842062828704 2481.0579654289027
A 613.8390804010292 1000.5994480387058 2591.57459764323
A 194.53755829338635 541.9395263217893 1011.0169121440562
A 254.40601343972705 543.5486268348611 1051.5878661243437
A 194.73248646855427 520.342760006894 1024.4560757723725
A 534.6947044835578 987.6886049920298 2469.9634279091174
A 482.13462252928963 995.2780639443157 2450.1499299579814
A 209.4005798623563 488.4743871837587 1002.275345832608
A 249.28921801180894 505.2817544121244 1014.1612311874983
A 297.8806986807633 546.6920644968986 1052.3066718646874
A 287.00668904600565 557.301232056769 1043.863220244037
A 463.1567737429404 1002.6580713649613 2370.4586199433434
A 596.9637497245456 1002.0306897333711 1684.9023186647278
AO 626.5249765355734 771.3279372061818 1663.1248437406027
AO 539.8747304344498 742.158927932181 1596.6857808085797
AO 604.358349938992 716.9559850114799 1616.496854296958
AO 534.1375908964122 724.4574650051137 1635.991565376278
AO 659.5702345574396 692.557997642285 1625.6469683679882
AO 589.8541149957314 695.7404221195088 1611.270609522742
AO 697.7943780829563 1615.2824056201405 2522.876569433275
AO 683.4760669280605 684.6972856943609 1575.0133418027854
AO 692.2337756703525 1550.9231851041864 2533.064514673156
AO 698.3391443024042 1593.4453793201662 2547.395059042159
AO 536.3758362254766 687.8976100850182 1627.299746365526
AO 521.4114242314321 764.1083853327294 1667.363073892662
AO 522.3806739566631 693.8458156679249 1654.2371428460149
AO 689.8576563284032 1642.5149862038784 2374.3338197153494
AO 473.98330344231437 686.4084090791523 1646.546112025449
AO 367.3968669926681 685.5641481826473 1639.4918147394167
AO 465.7486821196356 709.5289289582049 1634.6810042005795
AO 302.20457709038726 675.9369007156116 1605.9637966826695
AO 681.7935400379768 1613.0857488700399 2541.871459623102
AO 683.2963027592791 1616.9020401913888 2527.200195848414
AO 332.7677726880345 689.88055039601 1624.231280012166
AO 377.69153072730734 700.4722206448789 1637.562226453332
AO 401.6460316676485 767.3647171968265 1683.222602287487
AO 427.67566171862893 705.213080042517 1639.9260456076754
AO 371.78856274992324 696.9019574639863 1625.8398676630386
AO 286.47481411600137 690.5010507283943 1600.4968451877137
AO 434.320886130253 682.3926082493577 1584.478573196189
AO 375.4999731111765 697.1708903664809 1635.4798665479495
AO 414.93489123518276 684.8479170206203 1634.4778704774542
AO 415.1529083987997 689.2206042162155 1631.71090052345
AO 414.01749653336725 696.1412155647954 1651.6683246316134
AO 407.6756237113594 697.1066209507634 1648.6396812826001
AO 419.0213477171356 693.5759825553437 1613.626207054533
AO 384.53054598496533 779.3033090490966 1665.7318190780786
AO 681.6834380832896 1599.9703037050963 2405.5182927867304
AO 371.5969989191271 708.8722562101893 1679.0855001107425
AO 685.3037684872028 1580.9906265883217 2463.3841825887735
AO 689.9024646307987 1597.6618319285399 2482.20693475549
AO 693.2253612423224 1564.3133555077607 2504.8890190701877
AO 252.6484754989606 687.5400125063808 1638.6427715007562
AO 691.2352974549391 1613.6456456443912 2527.3780195202503
AO 417.84197069818686 703.5274537212774 1625.9393673308607
AO 676.6581916400154 1638.2894147444963 2545.9913573598615
AO 446.1553260208371 695.6540980263035 1660.2741342633567
AO 345.4821455577762 778.4139177646906 1683.4316379977993
AO 694.5009735248121 1602.8775306980692 2515.4013950405274
AO 396.1151892755809 707.1081432287299 1600.967557562147
AO 387.34388467554203 697.3429386718664 1642.5656576804913
AO 392.59996077128574 701.2514820897101 1622.636571317619
AO 398.35100950132596 699.9544920324479 1593.1577105934846
AO 390.79776787229025 707.5305836451188 1583.0158691581053
AO 328.30616591988246 695.2048439948413 1634.1595857392615
AO 656.3895082290021 1605.7855781806907 2506.8858060002817
AO 219.95423950141011 693.5858956284825 1642.92078410959
AO 281.0811920780524 703.1205831717393 1664.1406876499282
AO 565.762768757433 748.7090270597987 1643.8251792568228
AO 708.5275847298948 1021.7939692378459 1527.7735784650613
AO 699.3030705136304 880.1770896548743 1532.4620633224527
AO 706.7161165960423 1527.605676904936 2538.8285210353015
AO 693.8554233472486 1511.0115027462878 2536.8047349874305
AO 361.82867245018804 690.1534554193569 1542.2254990227912
AO 680.1696878401643 689.4516250856254 1561.5373806347272
AO 688.8633380796217 834.9532010959759 1554.0876901754887
AO 701.7427342152515 1542.253245200939 2507.6352811798506
AO 500.2393161361435 690.5253991218032 1558.102287822597
AO 347.6896062858862 690.2490958603724 1561.56613982103
AO 651.6513968092665 736.1723939567336 1654.97498556141
AO 502.3912030377784 688.8483712452276 1565.3042811561118
AO 266.81709964348903 686.1495622092559 1547.0817158246632
AO 377.45830973313144 689.8149440137817 1540.472661199088
AO 683.3122202362026 1551.6137465199536 2540.8532996586837
AO 683.8804369246685 1553.1330539142953 2533.4883480057642
AO 271.062180277766 685.8084121454804 1581.1740947190176
AO 73.98932583744156 680.4402630430287 1581.683727567683
AO 673.9567135295022 1595.10268376875 2504.6000146877113
AO 282.38594214939616 672.225442061536 1608.2921029352644
AO 670.0140466266596 1594.1962381881701 2502.1313945613665
AO 697.7190991768801 742.7636369115619 1653.7101879457384
AO 674.1675920757746 1561.6186827902384 2522.154317517386
AO 670.5093311779657 1563.159323968745 2537.4081989554443
AO 673.7191674893112 1551.5285820529712 2525.155781178948
AO 671.1423271241155 1575.380396171716 2518.2591382337855
AO 673.3263914053214 1555.386712989227 2525.5849324131386
AO 674.0601521616926 1607.7656680665407 2331.4463233334222
AO 337.972262275757 682.5850220036768 1633.7094148381204
AO 673.1648187692397 1612.5757173918887 2510.223243022042
AO 675.6360097656878 1567.5742534196274 2525.6313677363833
AO 676.5737636711507 1559.2637359969278 2509.3498627966333
AO 676.6875111402843 874.062464310399 1694.859614853448
AO 672.0142030327241 1559.820286420145 2513.1398690497917
AO 675.4981837134335 1571.3806448409925 2489.4476778846456
AO 676.0195808717107 1580.1253428670498 2507.170868704289
AO 669.2862416778333 1562.0479915941294 2533.7536143602383
AO 668.8521472135915 1579.3574924449242 2378.8840271502763
AO 667.9150798708083 1625.65890656305 2534.878437154585
AO 666.50042074184 1588.8801808983674 2144.3012231144744
AO 669.394583726326 1579.8414764478596 2502.5182739410625
AO 676.4514884420632 1558.2956732451396 2501.5055352813224
AO 672.3507091192042 1558.6033562451023 2512.1951305007155
AO 676.6083351964656 859.9884942117571 1705.403583273941
AO 676.0893412014894 1565.0158672270907 2488.8091681519936
AO 671.0567216134377 1571.1613444270397 2484.230256625698
AO 670.9576662995071 1580.2050419465131 2477.6925939649427
AO 671.1723959803018 1560.811451457397 2505.5955118460997
AO 670.3174111472192 1566.6009797725064 2490.309851902706
AO 673.5495628748711 1554.1599927843174 2480.5298975202104
AO 671.8727447458044 1564.2289664603034 2483.749140010836
AO 329.20969812001744 677.0559136134632 1594.6136226005765
AO 673.0671624422295 1571.0900757837733 2479.704276110015
AO 365.4508190268969 688.425135798399 1598.6805232172758
AO 678.8233560861579 827.604640021543 1682.493211386623
AO 536.697630648427 768.2543162329531 1681.407483887795
AO 684.668884864565 808.6980879737175 1672.0795135467806
AO 651.4553366581198 817.7796744308915 1674.5886622377925
AO 679.8690533184151 691.0792454738447 1647.6347590536734
AO 399.227961523974 703.0198771438746 1629.5836334423807
AO 474.0505004449276 696.4450879390537 1625.8251108772326
AO 622.311763513068 691.047913575805 1615.7257259833937
AO 674.0613070951953 811.6884230249995 1657.4678117024928
AO 598.8609507215499 711.2226548267809 1618.7418639856458
AO 706.3622776908036 1624.3848772556107 2597.8129620123505
AO 444.68895683135304 724.0295657918998 1653.4529732639812
AO 438.69753563436035 777.0560772384212 1687.3648669518889
AO 662.3961153728386 838.3697696658654 1638.1798301001425
AO 571.0930763401464 702.8324109633812 1658.6946279685087
AO 604.6768373774573 695.1880055499097 1684.621243766934
AO 256.8762200806079 706.3881394904167 1673.1293293321273
AO 425.59506114928104 713.0124417913296 1671.6265582390804
AO 447.11272737990043 720.688305054298 1665.9753128343175
AO 433.70381612593064 714.5931589668496 1634.2079795462225
AO 594.709924841008 724.2323528840578 1654.4510484722703
AO 620.9351002882067 727.553103904329 1722.4936834060488
AO 731.1025550947261 1674.4329336713433 2544.1404338870075
AO 600.0167860453753 779.1214364653156 1660.823738370007
AO 443.7084978380808 731.7652215587169 1695.314874515578
AO 374.39258369359413 716.4682945976466 1716.759860632373
AO 183.419805472823 705.075564539983 1775.6583962400673
AO 697.5071489444304 1761.561329576155 2506.6359006323187
AO 555.2788438195875 701.898346117826 1658.9749559422141
AO 230.60981943885062 712.9093993357022 1742.7154712686154
AO 119.84893250999593 716.0164595183671 1741.8441544357297
AO 473.20230752665 712.8669224359109 1677.7627635364493
AO 394.1055692943667 720.0007061437154 1673.9035670057822
AO 711.7384951491474 1698.6038976188427 2535.7718854011873
AO 568.1554254523375 776.7080241717387 1644.9046208002565
AO 753.3323771955259 781.483099579929 1663.08797971407
AO 595.9486995248203 779.0528142743754 1655.397630522785
AO 537.2068950268288 783.3484156632154 1664.3706918179025
AO 386.28129992837484 784.4294587829166 1657.2300018494816
AO 713.8549845019796 767.8888331975572 1672.551212488529
AO 660.9427689516554 769.5406888843121 1664.673957510627
AO 661.2817776917151 758.611844750877 1661.83741767468
AO 736.3672229334012 824.1074667600045 1635.763607662219
AO 727.3738926319817 749.8456329078756 1650.0835945202687
AO 744.3999622910021 769.6065791144403 1645.172802815152
AO 709.42011968157 773.9694521401708 1642.7695964969844
AO 675.045921487381 757.5407134230296 1666.9966550214467
AO 704.6745885303446 752.575235411608 1654.948669304323
AO 681.7172319401055 752.8730259600743 1659.203576851961
AO 671.5503012386866 745.9619382531656 1674.8191882509495
AO 722.5620663817012 771.4310237762733 1640.9379777256238
AO 674.0804734304669 748.3621819415587 1645.6212762093385
AO 614.9246744557817 750.5452067592838 1655.1780502334377
AO 713.875689194934 769.8582752816211 1626.3097924839572
AO 677.9084411344937 740.0928359833291 1636.883467569461
AO 573.5415415446679 757.1075880692354 1640.178815375744
AO 500.1207121297393 787.6016744563556 1654.373174468318
AO 674.9691476846917 723.493941905686 1624.4259318815027
AO 636.4935576714387 724.330045117459 1623.5195690954079
AO 725.1759108513724 1606.840319826285 2555.236571512971
AO 421.31903848501776 742.9566889767434 1628.7450650824635
AO 410.689789281805 762.514032910495 1635.916705214521
AO 734.5628419217837 1617.1116618825242 2574.1244260354815
AO 734.6771965660015 1612.9371485031222 2567.041937924928
AO 758.7337647832783 1612.419520818484 2558.3322282876575
AO 765.7026707983978 1608.083780478756 2558.9083409455557
AO 764.4458761407765 1635.0760271315016 2534.11169449566
AO 447.29897507268055 772.9088810830103 1680.597194803156
AO 748.7935432016338 1611.7944915733067 2536.2695923884835
AO 743.2800134655693 1619.55486063832 2575.0114980953235
AO 743.6045473228364 1617.7475834736574 2571.8327187504337
AO 744.4792787451763 1638.753402689996 2591.2477075469683
AO 750.9976006555846 1636.4053497142656 2591.774272119603
AO 749.7353925664607 1635.7478937674732 2593.9927884195167
AO 744.4881886339912 1615.014300411752 2599.348061258632
AO 379.27466605239465 788.5042700907293 1740.5103560745836
AO 362.7222926491638 767.2717907143448 1662.1916370032845
AO 771.2320573558777 1627.2372492330694 2603.3414872184326
AO 562.3328669415413 774.816371275136 1660.5165798354353
AO 444.2883108800304 761.0677656115274 1611.357921968068
AO 753.3343478211759 1605.05222353969 2555.8423533796713
AO 742.9666219256234 1616.610410102824 2561.365634245975
AO 268.53441854061583 753.6234442226549 1629.6495613160494
AO 755.0496735582283 1602.2316415798368 2571.9003661241395
AO 764.4442064154163 1608.4610755486044 2584.4885869224354
AO 764.9461478549076 1598.6814619913753 2565.196961977242
AO 767.3077552103621 1600.2933514653962 2535.3531387394287
AO 764.1543287643382 1620.9225668055958 2523.382937914422
AO 756.8704093911754 1611.7321437978255 2551.0128407457546
AO 519.2541044846847 751.9884512962966 1684.6821408742262
I 319.37717889091 2271.7882771502823 3321.4887446517973
I 324.3571968528477 587.1269822912307 2212.814780404701
I 329.130363934074 619.3363717606404 2206.7998631869805
I 322.8629213229361 762.7410944618609 2203.318406376609
I 316.26162382400855 840.8895996856173 2207.836496434423
I 320.27211309785287 810.7140758800941 2194.5277880196572
I 317.41135678586505 910.8713996117388 2211.6076606950182
I 316.8965974492265 925.9520078434235 2210.5014338997557
I 319.5266121863807 885.5537802900495 2196.316967394929
I 315.96502326519305 915.7603725262601 2207.1884398889056
I 318.1931487768058 905.4242171598863 2201.097260511289
I 310.0930886641982 2184.3416940113816 3135.3373626651833
I 319.177012522917 912.6715311393042 2205.197879754076
I 320.86882859535496 897.0641440780606 2201.6583294311135
I 326.67923769196693 898.3477914902569 2177.990514133733
I 323.6325442028043 918.3794070429747 2198.2457241619695
I 322.87426813006596 927.857917139744 2196.607734193316
I 319.8199817551383 893.6959390194636 2198.451308480535
I 318.286849739221 808.3468976807981 2188.969415272531
I 319.656882445773 882.2346531767346 2194.142006928275
I 318.8924964751582 832.3451428677882 2196.2083286693523
I 318.9500427392836 804.6716399006667 2199.2250558123155
I 308.9002589276892 2185.0563333002347 3115.6998930764826
I 321.0283207238749 721.3289481003501 2185.058159138218
I 321.0200101641115 726.8565888203053 2190.370189399409
I 323.8787343092682 677.7108734767241 2191.703599868708
I 324.5222878428417 705.3188508499026 2184.4909738404026
I 321.169657665864 750.9869114597894 2174.9306822931503
I 323.3384912092187 859.5575087175724 2188.6878811066817
I 321.66843891257844 803.1212881041586 2178.7605144829117
I 314.9828068245404 806.1318172641239 2206.5721800543333
I 319.3562420227941 728.196681644352 2200.7441161340535
I 318.4910611007106 660.313533132722 2190.363651873331
I 308.74059723839054 413.90249019692465 2184.7109674814737
I 322.75155181397236 604.9013229403757 2188.782557246214
I 324.0555098232441 637.8049037808112 2198.05630798339
I 326.4399883182858 463.2739067156448 2183.900644581597
I 301.88855746340636 324.1158133917666 2185.7513383329238
I 321.50445145759085 577.8322640362458 2183.566570542779
I 326.40811606898563 2183.4596842918677 3197.030200327663
I 326.2023098521252 2158.1746879239968 3085.652591442678
I 324.74974476299894 398.5410035859335 2174.7434457505515
I 325.54189827849245 559.7550666885795 2203.334820367822
I 331.195896731593 2203.705661729519 3205.887234039166
I 306.9521357314814 477.68404419020226 2182.5336081627192
I 321.8034840419304 810.7573304329463 2187.5861703728383
I 321.55852598697123 493.2203686009105 2179.7481813554
I 321.31947266262813 866.8577818626866 2194.2200647146497
I 319.68349944669535 638.6978452319198 2146.443982223702
I 322.96610172433776 530.3833445032869 2172.238549349735
I 326.6404934048374 2152.085736229889 3252.13457030123
I 329.98465670907194 2168.881617466404 3231.8391570028384
I 152.1001412595547 325.43764675620486 2166.4114142919298
I 329.6202825667786 2157.6591337361333 3270.15021250752
I 323.85219478644484 2171.1774789656174 3239.863456513142
I 308.02921045727976 349.9674148327172 2188.557361062398
I 301.705506275769 2196.645663650519 2853.0642191880306
I 306.5712965525064 2189.075221004012 2748.433123319043
I 305.8138301198632 2204.614885307275 2604.4365711710116
I 297.7549675838436 2201.073821026539 2727.103733093753
I 295.6288875718908 2203.5620786698737 2727.721154318812
I 289.75415179096234 2189.596823941264 3194.297884417862
I 288.1591886466073 2191.5953736762685 3164.2535398086957
I 286.576529663169 2186.5644113364174 3139.803804621521
I 286.6441145995047 2185.3607210049513 3137.956244038543
I 297.8574906020633 2185.8158204436313 2994.2575654910147
I 304.074202303642 638.9060256004987 2177.8686669843864
I 300.02605590566037 2188.2055538340655 3028.5569444737766
I 286.09539875604196 2196.6983651693245 3132.6297130814883
I 291.6707634697751 2191.364247211054 3222.5969292888976
I 287.55408903006617 2210.8065267577076 3272.451596737442
I 282.0392012359104 2199.368142023705 3358.2840278619583
I 296.0250759863364 2187.897834933677 3079.0229879185094
I 284.3610335681387 2216.1676049245248 3355.141158049451
I 283.1742361128632 2188.2716949576147 3348.2856896255967
I 283.2229178485874 2175.4789335860983 3311.9848395610907
I 278.50311467810536 2176.1519170600004 3224.8830304100857
I 306.1300268146498 491.5433175260145 2166.939813884339
I 276.3350339445727 2174.3808211907317 3228.0220389252327
I 284.3396482042375 2165.6130494833665 3251.746397686578
I 264.25311439062506 2181.048554826436 3223.915132628329
I 265.80032055193516 2154.742000997504 3190.677061800702
I 265.7385337925249 2165.3061438183076 3182.9704874858758
I 268.79182842432783 2156.7826138243745 3162.727929022407
I 276.90402154796425 2142.948981420081 3188.094369919635
I 262.34353708047684 276.1190230503541 2167.679569122035
I 272.140093847669 2146.6213589066247 3166.0053181275985
I 271.8543983324334 2150.9286235677346 3159.7622942549747
I 306.3531544368754 2181.2254718212953 3187.545849403426
I 271.5775278845516 2157.8648316308054 3160.5590315348277
I 110.48589288000844 270.554130486234 2152.5703620490426
I 215.95360375193016 261.17702263065524 2174.052745915002
I 261.55305612851333 2159.383758187563 3276.341815905842
I 261.6638748554132 2157.3690811800993 3248.45674089033
I 262.89172719551357 2156.4056591129806 3264.5294355985243
I 258.07070075548035 2154.4714405955065 3249.5792661653336
I 263.5459514025317 2117.778678579411 3257.075257242834
I 261.5246765597915 2140.7769606960396 3217.768801355741
I 253.14948920177972 2124.006047322774 3251.035365337362
I 312.7865441511622 2159.2196760225797 3102.7879594636943
I 240.7191957786265 2069.2255864447648 3216.551048381156
I 243.57735302468626 2062.1023304848914 3080.7841705864057
I 247.19530178849524 2039.0704619387113 2881.479325518395
I 249.96005974631325 2026.3011010838175 3079.056995245371
I 246.06148756389004 2024.2073194721208 2909.8690755066677
I 240.31894461942107 2026.8403763246342 3063.7730395765566
I 241.2886476785706 2013.015435497529 3292.487633781375
I 236.70701006921496 1995.56100136 3246.8794707460984
I 240.19242332327897 1983.8890005673084 3203.4659020056783
I 236.7836987732432 1984.344545264679 2950.6334547462875
I 309.69525216775037 2162.4828081111696 3187.690792958907
I 334.5467153310644 2228.2288023835326 3339.983983282741
I 310.48387318557155 2168.6381829767042 3236.8897391776277
I 304.69111108394077 2173.9895915274174 3149.6720378960895
I 300.0701084598471 512.3375484431125 2170.3647294810326
I 300.68332588039 575.2460367096281 2168.005861796493
I 311.6762695040474 2166.8274726975174 3212.559843310485
I 209.42423574059697 519.1196590538831 2087.847062530336
I 238.8483765924098 500.2386447826217 2106.4186151481767
I 261.29686170011627 2086.192510653749 3213.6308542413076
I 239.26660427580148 346.84516299625716 2068.219918814402
I 228.88548888444157 649.8998400468964 2070.6979972378917
I 334.37469682933636 2249.7883634937893 3225.4238317191753
I 237.15625078083212 541.6014912912777 2055.708404781829
I 246.0771635942013 2094.293983818061 3255.8425820437565
I 253.13232377416682 2091.2575699790195 2765.0025127062627
I 221.09959590331079 595.4054886498097 2085.993914259619
I 223.32376234156106 479.7719885005149 2075.900863367012
I 228.74221844401637 753.1250233736586 2101.892065890416
I 216.83450432118647 775.1067651125228 2093.551788691799
I 211.18056469519192 461.02005567997634 2073.1133035294156
I 214.74675732093476 2072.5620061722598 3184.3452623598982
I 221.15981808607506 2062.808068916605 3186.0027178382215
I 330.56514582826975 886.0073491595543 2199.530698045217
I 212.06575737870682 2037.7582775900546 3059.3282101914533
I 188.0294558113836 565.5522107948074 2065.500201434146
I 209.51464583727318 484.5804010111263 2058.3579926054067
I 196.14296324913659 502.8071595242382 2074.8814511119535
I 231.29250886784527 2069.8212185188086 3181.8000510494403
I 105.10183661754702 232.54413329375262 2068.0356504649276
I 268.9800231877572 2029.271597616852 2312.2216971559624
I 107.52420033986213 256.2051717757718 2056.070145971043
I 196.6942254236925 679.572454033839 2042.378825300296
I 217.66832804288987 2041.441000472005 3142.201594615118
I 326.40984767044625 2196.063749250183 3161.2431135432826
I 212.9890335979925 287.3343650025085 2149.9406187038007
I 294.5243813890592 1262.6522810962813 2164.5982597468906
I 293.55084913243826 1245.2331053021135 2168.8803334125073
I 294.26105444482164 1266.3750024917806 2166.210379473098
I 289.42538686675647 1518.0047514284495 2164.4224255518075
I 288.2017418837077 1350.556033281576 2185.888236590443
I 286.5862346942863 1381.5682817638628 2161.4164307211367
I 278.5151624530132 2159.0818910728044 3355.7762164224287
I 282.03469189964255 1502.0828712055793 2154.2295413235697
I 286.22485603066656 1621.0510680726625 2171.200361755305
I 323.3698622867921 2217.426239394659 3181.097902414234
I 286.7744355679589 1138.9091504859853 2154.621933262713
I 281.7275834825084 570.6628277351308 2175.1998062658736
I 285.5227267904035 1276.0651138277883 2165.1688073064156
I 214.25562006516844 278.8810182094577 2152.8193779441826
I 280.89159688204273 489.03699682482863 2157.4182633610544
I 120.03020698267855 279.03069326196606 2154.4977483651655
I 277.8997412378648 297.6835350243576 2157.8092580736443
I 276.66189582488283 322.9094494816645 2134.07116672852
I 239.21160241794567 280.33821355300984 2135.815866644462
I 280.4947897171173 2129.5357944640937 3322.8975237395493
I 318.8529309002235 2181.6351642037966 3063.6884291765173
I 280.1667436073608 2093.221325614689 3266.4505909567165
I 273.0123692854948 276.7523122225644 2114.4922070792263
I 279.2033648688088 2112.8933412547303 3297.631872290902
I 172.20352957948137 274.0960400556002 2106.953019632112
I 210.38612744421954 278.9064182297326 2052.945581727521
I 68.82798784175202 275.9170613475124 2082.0061236110573
I 213.17758359183296 272.7123884702291 2089.9896173110665
I 275.830020791923 2088.943566453635 3273.3055815160337
I 258.6069974503148 270.7851517212969 2069.290943946493
I 78.835332488107 269.2691654769256 2069.4246741041843
I 314.75539627320245 2187.634070448851 3077.813829275755
I 98.09002366102804 271.7204178657139 2058.943628449903
I 272.07987407259924 2066.0021822559784 3165.510937203699
I 257.9491546335863 262.7588260019982 2030.636168743277
I 261.5035490446594 2045.0800760928644 3183.573431258149
I 242.32793115563433 326.0312723033738 1990.4783877421837
I 249.25413365296131 2045.4378163666831 3350.6632831140328
I 239.53988194510126 244.9609480069183 2038.7047398630878
I 228.60213881093762 456.0088723209792 2017.7803902182156
I 193.69524149903032 253.69565778479628 2022.7211247434361
I 255.8542154824122 1997.0229393960915 3577.195582156808
I 308.77174819606597 2181.859238872215 3089.8552630856702
I 229.5056082897798 319.6140612479522 1983.9527064336678
I 233.00456048435814 376.37297231775057 2018.5407624228258
I 222.33045522198873 388.71203477655433 2014.619497429008
I 230.87107187652836 339.01964150537316 2010.7509256328808
I 203.03026315476424 471.71728039763667 2023.6139774260316
I 217.04037755362074 315.9638948409382 2045.6810482782641
I 184.89157246425364 576.8241838153955 1983.8334035825114
I 235.61624636352144 365.64619492898305 2050.4865118339053
I 95.95227975538067 233.56633351677587 2043.207635915952
I 224.04198627041953 381.8482930878034 2049.0617030143776
I 308.62205577322186 2187.0637095939496 3150.552401428083
O 345.10754105763345 756.707593572686 2280.9350434662633
O 356.4077474485971 737.4370698227917 2290.024829479817
O 355.5491878427502 719.0026215870316 2284.656375753658
O 360.6667304093509 733.796123797774 2285.887543105082
O 357.0839739028176 725.0864833345724 2295.6332117801603
O 363.62889507714215 744.5398993087946 2252.167981634445
O 359.804342920574 733.8548287013552 2267.8452168718377
O 358.12399334352597 731.6584453334497 2284.62142327636
O 358.60664826791464 737.3491955944642 2277.606195543518
O 357.83256489371075 736.6911648807878 2275.909207891592
O 360.81003128991443 746.2009042501314 1987.6403628261153
O 333.32981005468616 788.8959071842779 2145.5426024504523
O 364.9734704862252 749.9252029750501 2301.7081263867008
O 363.20358431287735 745.5577320708012 2122.4425262140685
O 366.3040709893021 768.8448352389497 2290.1040781536267
O 369.62896074278297 769.5177252566654 1226.5477919417435
O 367.24320398702605 758.5752744784676 2222.831010656445
O 364.61109165270625 750.4826452240175 1983.5266620205948
O 364.5095027155555 751.8102524231278 2152.9320379824603
O 369.77505570847467 762.9473975811866 2288.517606137347
O 365.4321139939346 736.6997474649597 1932.0552047030587
O 365.2490646330969 737.7753065663395 2331.4302419402525
O 332.9990503353405 791.1913624662739 2140.192954697867
O 363.96129806610276 738.246492575619 2181.550568436634
O 359.6427137019911 736.9837427028058 1915.6149984649871
O 362.1564703701613 740.7766228728165 1829.925104963577
O 360.3957283190906 741.8826878371842 1921.6604702350392
O 359.18834076355614 750.06010320162 1874.0812907933803
O 361.1878311342927 765.138946258168 2270.610588214429
O 359.735548847557 759.723701718399 2282.311478785331
O 359.91000889972355 751.910562619538 2240.4648494218945
O 360.97586557026364 775.2808686996021 2156.1644822131643
O 360.562153039783 773.142546337159 1904.3565068810585
O 335.62695229106293 797.0555082951571 2151.0494404795895
O 361.50431169070714 780.5210928930981 1793.782798979256
O 361.29033145014716 782.6887315185443 1698.7172647863413
O 358.9556436264253 772.9779201556161 2254.5191588853413
O 361.2096487697148 784.5637208571652 1963.3487399428502
O 361.4864743606311 779.4916751741677 2070.3444979275478
O 361.1493223134816 794.986742865258 2259.116817027098
O 360.607923656743 788.7944150591602 1763.5932028283462
O 360.10244188405363 795.0706857731052 2265.144543252064
O 359.8639692632995 780.0857234218518 2264.789011047675
O 357.97947262950834 792.7334545355757 2260.3969466409208
O 335.8350539395938 799.9422645193499 2149.1925601409544
O 358.2724823661455 768.5612174440207 2078.8085758068373
O 359.74374060824374 789.8223008689048 2269.886423205617
O 361.5736044984061 777.3920100526033 2259.680155854736
O 359.11795697816206 766.8174233477487 1735.0417465275898
O 359.59128237229646 764.6649636254258 2133.004811892705
O 362.1844259910175 765.0074525995464 2230.96294601888
O 359.3533277560113 785.6384900469484 904.1002526092828
O 361.62323387311335 790.3855923612851 2290.2039795857672
O 358.34973159688167 785.7983940965155 2252.555445128902
O 359.11838072031924 799.1025441223919 2283.8132563188447
O 335.2047472075567 794.7025537258932 2150.8600724171724
O 305.0391182171696 667.678356808942 2236.5508458114696
O 307.17898742653796 665.3910198910412 2215.832600109109
O 304.22640665823536 661.0383662323364 2191.8621573901983
O 307.98249281091205 674.2008642824482 2155.838513205157
O 304.85431901655704 670.4546626880862 2155.642754803339
O 307.9101936799373 671.5534676594674 2155.1490218807126
O 307.50017979395653 673.0090480016072 2152.6467696507925
O 308.33375698087764 677.2994162173702 2156.949905178903
O 311.26288710036977 678.6143852338104 2158.1623170657235
O 314.0826918658202 684.6321733429367 2153.0132815105694
O 336.0292918536138 785.9755126907636 2170.795792217444
O 314.88409235052086 685.6734348237156 2145.005301194794
O 317.86128081682034 683.305749918951 2156.8988772492767
O 321.5241203868706 690.9828461377624 2152.6686061314354
O 318.55855592315527 685.699510529001 2149.834890272423
O 319.0493243913157 685.3822004120142 2151.064166569619
O 316.6292831102433 678.2961672292271 2154.6634060430792
O 319.17679537669034 681.896520826812 2164.187815004254
O 322.2115284525944 683.8585004373467 2150.560994817037
O 327.3991774208679 711.8913329724365 2141.6256649581856
O 322.3866091634396 688.876932634458 2141.1960848120907
O 333.8389910913044 797.9951169139907 2163.190766085842
O 326.7301114496381 703.1737698379404 2142.627002673215
O 324.65397484354514 700.5960718051115 2140.1678074069296
O 324.34542417626693 695.7382854656788 2135.328226499208
O 320.6465495572037 700.2985577205073 2153.206946547116
O 320.49667224349986 694.3693542634498 2162.9344986046967
O 321.92404961900667 695.769881242309 2149.3986004104513
O 323.83040691774687 701.0895194831613 2138.2902273704904
O 321.23753978174864 703.1503537855114 1625.371369164202
O 320.0208357912196 714.3130348555923 2116.6517144738796
O 322.34714565499206 722.092063311472 2117.697932142848
O 332.88914485458207 767.1812223275217 2170.0329397318314
O 320.0976270783794 711.7717735787462 2148.132647552402
O 308.65727840732234 707.2286499295948 2153.647011968857
O 305.0882698418378 698.952937105388 2092.878426904671
O 325.8054313066385 722.8261289823646 2141.3802153500833
O 313.197538196339 703.2171657690128 2131.5310525368127
O 309.82420232821096 701.9243102818186 2084.0462880910427
O 310.3663359309501 700.7944412694857 2127.9499030198585
O 310.8094975666481 697.5869844240165 2100.7078331638204
O 313.13562761321384 697.2323977716146 2151.9855306392747
O 310.67986955327723 697.1061498360373 2129.5580205150573
O 332.82154349510483 758.1557348343782 2168.5681989812856
O 304.2123568383254 690.0091938811897 2114.9461086719534
O 305.49208771485223 702.1452670543455 2118.389035421743
O 305.31256946219634 699.1290706340454 2100.30027663957
O 299.89358081740716 694.1338451572354 2117.6841020872344
O 299.4650306626103 692.5218327428348 2106.2166916321758
O 297.46381723451776 695.0627918252146 2125.0488953299173
O 295.55263156281956 694.2110726825839 2094.4095866469993
O 303.9248190064068 698.1724572952705 2110.6497936517035
O 293.793437772559 693.6179999291905 2085.389112360765
O 289.7005314195129 692.9817860073572 2093.9544633941464
O 330.3933489455781 790.8333844902974 2146.9114184235914
O 337.8344731774935 754.0296257264322 2281.050730535935
O 332.3023328408496 777.4029483972506 2163.0404281935876
O 331.5600677427558 785.2210604420835 2180.9683315530697
O 329.49152115597064 761.4326376429489 2182.120597013403
O 335.78641085685007 765.1271072947844 2188.2630145039093
O 330.46333795246187 788.1992303553509 2163.0293674825975
O 296.21787584232953 741.9274993220723 2216.331811265913
O 310.12585193570743 715.0587085765967 2126.7901057087383
O 292.6347351329266 713.5739009764134 2009.778921724224
O 288.0458751594928 810.5213048373566 2215.9174660802023
O 285.37033151490493 785.8162295226152 2196.095986487881
O 340.446414879718 763.1088056904016 2278.0720152316235
O 285.50508999315156 796.851014668355 2214.2750945939583
O 288.4201086982164 779.6994904563375 2213.0353758072974
O 284.53189618509913 771.3587941061844 2197.863381621776
O 301.0738304442347 723.8658075507493 2215.698913092141
O 310.8184769948498 757.5448428304198 2213.634685723205
O 287.0108507331604 711.3142392379951 2101.0719835454347
O 290.3528583063606 739.8008312223889 2112.491590184565
O 307.86777690517977 719.7430548411762 2161.0807820758228
O 293.328471321168 706.2652834078017 2094.9341178418877
O 304.05594642329237 716.7708118733078 2082.0880065820907
O 335.08657337371216 781.127483318791 2259.960692038275
O 260.04862006939254 688.7024688565695 2203.583234449588
O 293.4210507367529 718.9617902339389 2106.138844980334
O 314.87429638886096 726.1424189544493 2125.248470772937
O 317.9914781402829 717.1594743697626 2159.849301323564
O 310.3118117386496 715.7704856817173 2095.385192966815
O 298.34261609683375 722.2593280942957 2065.5566502196507
O 319.54933201615415 737.5290114331235 2111.8632119693357
O 290.2056194874328 717.978199089381 2103.4287637069433
O 283.96125966416895 708.920112203293 2059.644591664693
O 244.54330153380172 704.0620735894183 1976.308194863919
O 338.248189138096 784.2209219979403 2251.892978041734
O 226.68570685250018 738.783681661979 1539.6797127664631
O 239.08251951676738 759.8069750342044 1935.0039010354915
O 240.77267714207454 752.8282060246759 1910.9971559720398
O 233.55782740952122 710.9360443986455 1528.696395499592
O 247.4750573526395 799.6716957037821 2016.279728473566
O 242.69951559820956 782.135364559783 2063.9255720837746
O 258.12381261316375 800.7993248030784 2092.7627009507673
O 265.7789577492314 810.7663769658878 2080.269831221906
O 250.17896403689227 769.904823751109 2249.7059506439646
O 260.9807449957263 780.2999494326713 2113.2231479445218
O 337.3938945834897 772.0893424333971 2210.8723672297133
O 270.96045515920133 774.3363342549807 2198.9025054054937
O 259.97722827413946 782.0996307987136 2192.168579740269
O 252.2575564440855 756.0464944246748 2145.093476086409
O 277.64924533086105 809.5656581425135 2116.214973491049
O 261.66936605080843 762.7725122242084 2137.434222831785
O 248.32400994492738 764.5717600933075 2123.89475437814
O 231.5866182695239 756.0127462873544 1900.7761591589258
O 248.2587413701784 786.5184880890889 2054.7882409795216
O 233.65719637892064 780.4773699101913 2488.956848756768
O 261.91457072978625 762.7483892474135 1995.7262235915189
O 334.4284038040226 731.891710758328 2175.148339870682
O 250.6653713248078 756.0157750111017 2019.2398252228822
O 225.61306052335505 745.2393810116738 2144.3154826579384
O 232.4281549381573 730.5704950865294 2265.6891879561035
O 259.99353587948985 756.0494254393836 2029.4400573434827
O 263.3223202259675 755.9350523018483 2178.6395177751815
O 248.65075538028165 758.6534390760513 2093.4285936882693
O 241.38257027413462 759.9204988547161 2083.938967356393
O 237.79708128717658 735.9036631532276 2008.6980902615983
O 244.64585167021897 752.7383384341364 2013.9021738364038
O 255.19394479092605 768.7122264741269 2046.8144074341105
O 337.09909355143395 763.1944721648832 2181.9695820766715
O 236.37919626519337 751.72634592524 2367.6555204978495
O 266.0461744463419 755.3061389400262 1957.1183405392317
O 273.6951447361624 762.5629885297054 2018.3678312131328
O 265.4056357308974 761.9124209513387 2082.1847872047574
O 255.58459579987735 760.0213395935232 2164.63297701058
O 226.4979602911521 757.1173293391425 2163.5448517317823
O 255.48718635927136 753.853121571358 2136.4928320342883
O 248.7659733348165 754.4389886070135 2145.634201970688
O 264.166792893181 769.1822857130354 2018.0454008914312
O 263.1774641189763 765.3182412823276 2118.6057031418095
O 334.35986944985734 778.155557647814 2166.544815637167
O 239.54363402987136 748.17838401128 1832.5089723830495
O 256.2540265323115 790.3887572911801 2232.133829822235
O 225.82023857035924 950.800926194577 1805.2781777596977
O 236.84214800205314 764.6543243573367 2121.867460651173
O 212.55727420027202 730.198697925257 1724.1065004294364
O 224.20006559378965 768.4246776340393 2037.4509534095762
O 238.4961984811996 765.9827447760549 2155.6764748985743
O 245.61493351510515 783.9069936820985 2131.900933295252
O 232.04757582683493 780.8553175423791 1902.424091536465
O 222.25246718475222 714.5861226089886 1654.9845234343939
O 335.03933642378155 786.6466938629744 2170.251703830289
